"Org","Gene_Locus","KO_Nbr","Gene_Name","Gene_Function","E_Score","P_Score","Organism"
"bbx","BBS798_0006","K01424","E3.5.1.1, ansA, ansB","L-asparaginase","0.0190","0.1677","Bordetella bronchiseptica S798"
"bbx","BBS798_0008","K03073","secE","preprotein translocase subunit SecE","0.5987","0.5577","Bordetella bronchiseptica S798"
"bbx","BBS798_0010","K02867","RP-L11, MRPL11, rplK","large subunit ribosomal protein L11","0.5327","0.5955","Bordetella bronchiseptica S798"
"bbx","BBS798_0011","K02863","RP-L1, MRPL1, rplA","large subunit ribosomal protein L1","0.4306","0.5610","Bordetella bronchiseptica S798"
"bbx","BBS798_0012","K02864","RP-L10, MRPL10, rplJ","large subunit ribosomal protein L10","0.5800","0.6162","Bordetella bronchiseptica S798"
"bbx","BBS798_0013","K02935","RP-L7, MRPL12, rplL","large subunit ribosomal protein L7/L12","0.6601","0.6651","Bordetella bronchiseptica S798"
"bbx","BBS798_0014","K03043","rpoB","DNA-directed RNA polymerase subunit beta","0.9384","0.8359","Bordetella bronchiseptica S798"
"bbx","BBS798_0015","K03046","rpoC","DNA-directed RNA polymerase subunit beta","0.9384","0.8387","Bordetella bronchiseptica S798"
"bbx","BBS798_0024","K02950","RP-S12, MRPS12, rpsL","small subunit ribosomal protein S12","0.5625","0.6211","Bordetella bronchiseptica S798"
"bbx","BBS798_0025","K02992","RP-S7, MRPS7, rpsG","small subunit ribosomal protein S7","0.7119","0.6883","Bordetella bronchiseptica S798"
"bbx","BBS798_0028","K02946","RP-S10, MRPS10, rpsJ","small subunit ribosomal protein S10","0.4873","0.5756","Bordetella bronchiseptica S798"
"bbx","BBS798_0029","K02906","RP-L3, MRPL3, rplC","large subunit ribosomal protein L3","0.7341","0.6833","Bordetella bronchiseptica S798"
"bbx","BBS798_0030","K02926","RP-L4, MRPL4, rplD","large subunit ribosomal protein L4","0.6807","0.6601","Bordetella bronchiseptica S798"
"bbx","BBS798_0031","K02892","RP-L23, MRPL23, rplW","large subunit ribosomal protein L23","0.5987","0.6114","Bordetella bronchiseptica S798"
"bbx","BBS798_0032","K02886","RP-L2, MRPL2, rplB","large subunit ribosomal protein L2","0.7119","0.6883","Bordetella bronchiseptica S798"
"bbx","BBS798_0033","K02965","RP-S19, rpsS","small subunit ribosomal protein S19","0.4873","0.5756","Bordetella bronchiseptica S798"
"bbx","BBS798_0034","K02890","RP-L22, MRPL22, rplV","large subunit ribosomal protein L22","0.4873","0.5756","Bordetella bronchiseptica S798"
"bbx","BBS798_0035","K02982","RP-S3, rpsC","small subunit ribosomal protein S3","0.7119","0.6883","Bordetella bronchiseptica S798"
"bbx","BBS798_0036","K02878","RP-L16, MRPL16, rplP","large subunit ribosomal protein L16","0.7119","0.6883","Bordetella bronchiseptica S798"
"bbx","BBS798_0037","K02904","RP-L29, rpmC","large subunit ribosomal protein L29","0.4873","0.5756","Bordetella bronchiseptica S798"
"bbx","BBS798_0038","K02961","RP-S17, MRPS17, rpsQ","small subunit ribosomal protein S17","0.4873","0.5756","Bordetella bronchiseptica S798"
"bbx","BBS798_0040","K00135","gabD","succinate-semialdehyde dehydrogenase / glutarate-semialdehyde dehydrogenase","0.0245","0.0296","Bordetella bronchiseptica S798"
"bbx","BBS798_0041","K02874","RP-L14, MRPL14, rplN","large subunit ribosomal protein L14","0.5166","0.6003","Bordetella bronchiseptica S798"
"bbx","BBS798_0042","K02895","RP-L24, MRPL24, rplX","large subunit ribosomal protein L24","0.5800","0.6162","Bordetella bronchiseptica S798"
"bbx","BBS798_0043","K02931","RP-L5, MRPL5, rplE","large subunit ribosomal protein L5","0.7119","0.6883","Bordetella bronchiseptica S798"
"bbx","BBS798_0044","K02954","RP-S14, MRPS14, rpsN","small subunit ribosomal protein S14","0.5625","0.6211","Bordetella bronchiseptica S798"
"bbx","BBS798_0045","K02994","RP-S8, rpsH","small subunit ribosomal protein S8","0.6293","0.6378","Bordetella bronchiseptica S798"
"bbx","BBS798_0046","K02933","RP-L6, MRPL6, rplF","large subunit ribosomal protein L6","0.7656","0.7124","Bordetella bronchiseptica S798"
"bbx","BBS798_0047","K02881","RP-L18, MRPL18, rplR","large subunit ribosomal protein L18","0.5625","0.6211","Bordetella bronchiseptica S798"
"bbx","BBS798_0048","K02988","RP-S5, MRPS5, rpsE","small subunit ribosomal protein S5","0.7119","0.6883","Bordetella bronchiseptica S798"
"bbx","BBS798_0049","K02907","RP-L30, MRPL30, rpmD","large subunit ribosomal protein L30","0.3727","0.4868","Bordetella bronchiseptica S798"
"bbx","BBS798_0050","K02876","RP-L15, MRPL15, rplO","large subunit ribosomal protein L15","0.5625","0.6211","Bordetella bronchiseptica S798"
"bbx","BBS798_0051","K03076","secY","preprotein translocase subunit SecY","0.6601","0.6114","Bordetella bronchiseptica S798"
"bbx","BBS798_0053","K02919","RP-L36, MRPL36, rpmJ","large subunit ribosomal protein L36","0.1815","0.4208","Bordetella bronchiseptica S798"
"bbx","BBS798_0054","K02952","RP-S13, rpsM","small subunit ribosomal protein S13","0.6103","0.6427","Bordetella bronchiseptica S798"
"bbx","BBS798_0055","K02948","RP-S11, MRPS11, rpsK","small subunit ribosomal protein S11","0.7119","0.6883","Bordetella bronchiseptica S798"
"bbx","BBS798_0056","K02986","RP-S4, rpsD","small subunit ribosomal protein S4","0.7119","0.6883","Bordetella bronchiseptica S798"
"bbx","BBS798_0057","K03040","rpoA","DNA-directed RNA polymerase subunit alpha","0.9384","0.8488","Bordetella bronchiseptica S798"
"bbx","BBS798_0058","K02879","RP-L17, MRPL17, rplQ","large subunit ribosomal protein L17","0.4726","0.5803","Bordetella bronchiseptica S798"
"bbx","BBS798_0063","K01698","hemB, ALAD","porphobilinogen synthase","0.3579","0.2014","Bordetella bronchiseptica S798"
"bbx","BBS798_0068","K01586","lysA","diaminopimelate decarboxylase","0.0710","0.1073","Bordetella bronchiseptica S798"
"bbx","BBS798_0070","K05366","mrcA","penicillin-binding protein 1A","0.0544","0.0518","Bordetella bronchiseptica S798"
"bbx","BBS798_0071","K00891","E2.7.1.71, aroK, aroL","shikimate kinase","0.1756","0.1196","Bordetella bronchiseptica S798"
"bbx","BBS798_0072","K01735","aroB","3-dehydroquinate synthase","0.1039","0.1485","Bordetella bronchiseptica S798"
"bbx","BBS798_0073","K01129","dgt","dGTPase","0.0000 ","0.0331","Bordetella bronchiseptica S798"
"bbx","BBS798_0074","K00799","GST, gst","glutathione S-transferase","0.0402","0.0384","Bordetella bronchiseptica S798"
"bbx","BBS798_0075","K03701","uvrA","excinuclease ABC subunit A","0.0009","0.0194","Bordetella bronchiseptica S798"
"bbx","BBS798_0077","K03111","ssb","single-strand DNA-binding protein","0.4028","0.5247","Bordetella bronchiseptica S798"
"bbx","BBS798_0089","K15551","tauA","taurine transport system substrate-binding protein","0.0000 ","0.0000 ","Bordetella bronchiseptica S798"
"bbx","BBS798_0090","K15552","tauC","taurine transport system permease protein","0.0000 ","0.0007","Bordetella bronchiseptica S798"
"bbx","BBS798_0095","K01638","aceB, glcB","malate synthase","0.0000 ","0.0000 ","Bordetella bronchiseptica S798"
"bbx","BBS798_0099","K03179","ubiA","4-hydroxybenzoate polyprenyltransferase","0.2743","0.0958","Bordetella bronchiseptica S798"
"bbx","BBS798_0100","K05825","LYSN","2-aminoadipate transaminase","0.0000 ","0.0203","Bordetella bronchiseptica S798"
"bbx","BBS798_0101","K08968","msrC","L-methionine (R)-S-oxide reductase","0.0000 ","0.0131","Bordetella bronchiseptica S798"
"bbx","BBS798_0102","K01714","dapA","4-hydroxy-tetrahydrodipicolinate synthase","0.4899","0.3442","Bordetella bronchiseptica S798"
"bbx","BBS798_0106","K00648","fabH","3-oxoacyl-[acyl-carrier-protein] synthase III","0.7190","0.3716","Bordetella bronchiseptica S798"
"bbx","BBS798_0110","K00108","betA, CHDH","choline dehydrogenase","0.0000 ","0.0107","Bordetella bronchiseptica S798"
"bbx","BBS798_0114","K01876","DARS, aspS","aspartyl-tRNA synthetase","0.6601","0.5571","Bordetella bronchiseptica S798"
"bbx","BBS798_0116","K06131","clsA_B","cardiolipin synthase A/B","0.0144","0.0916","Bordetella bronchiseptica S798"
"bbx","BBS798_0120","K01784","galE, GALE","UDP-glucose 4-epimerase","0.0526","0.0568","Bordetella bronchiseptica S798"
"bbx","BBS798_0122","K01953","asnB, ASNS","asparagine synthase (glutamine-hydrolysing)","0.0302","0.0397","Bordetella bronchiseptica S798"
"bbx","BBS798_0127","K10011","arnA, pmrI","UDP-4-amino-4-deoxy-L-arabinose formyltransferase / UDP-glucuronic acid dehydrogenase (UDP-4-keto-hexauronic acid decarboxylating)","0.0000 ","0.0219","Bordetella bronchiseptica S798"
"bbx","BBS798_0130","K09691","ABC-2.LPSE.A","lipopolysaccharide transport system ATP-binding protein","0.0000 ","0.0071","Bordetella bronchiseptica S798"
"bbx","BBS798_0131","K09691","ABC-2.LPSE.A","lipopolysaccharide transport system ATP-binding protein","0.0000 ","0.0071","Bordetella bronchiseptica S798"
"bbx","BBS798_0132","K09690","ABC-2.LPSE.P","lipopolysaccharide transport system permease protein","0.0000 ","0.0060","Bordetella bronchiseptica S798"
"bbx","BBS798_0135","K01953","asnB, ASNS","asparagine synthase (glutamine-hydrolysing)","0.0302","0.0397","Bordetella bronchiseptica S798"
"bbx","BBS798_0141","K01953","asnB, ASNS","asparagine synthase (glutamine-hydrolysing)","0.0302","0.0397","Bordetella bronchiseptica S798"
"bbx","BBS798_0151","K13019","wbpI, wlbD","UDP-GlcNAc3NAcA epimerase","0.0080","0.0195","Bordetella bronchiseptica S798"
"bbx","BBS798_0152","K13017","wbpE, wlbC","UDP-2-acetamido-2-deoxy-ribo-hexuluronate aminotransferase","0.0286","0.0174","Bordetella bronchiseptica S798"
"bbx","BBS798_0153","K13018","wbpD, wlbB","UDP-2-acetamido-3-amino-2,3-dideoxy-glucuronate N-acetyltransferase","0.0241","0.0179","Bordetella bronchiseptica S798"
"bbx","BBS798_0154","K13020","wlbA, bplA","UDP-N-acetyl-2-amino-2-deoxyglucuronate dehydrogenase","0.0000 ","0.0182","Bordetella bronchiseptica S798"
"bbx","BBS798_0155","K02841","waaC, rfaC","heptosyltransferase I","0.0666","0.0662","Bordetella bronchiseptica S798"
"bbx","BBS798_0156","K02527","kdtA, waaA","3-deoxy-D-manno-octulosonic-acid transferase","0.5052","0.2548","Bordetella bronchiseptica S798"
"bbx","BBS798_0158","K03525","coaX","type III pantothenate kinase","0.4954","0.4088","Bordetella bronchiseptica S798"
"bbx","BBS798_0159","K03524","birA","BirA family transcriptional regulator, biotin operon repressor / biotin-[acetyl-CoA-carboxylase] ligase","0.5498","0.3672","Bordetella bronchiseptica S798"
"bbx","BBS798_0160","K02066","mlaE, linK","phospholipid/cholesterol/gamma-HCH transport system permease protein","0.0012","0.0117","Bordetella bronchiseptica S798"
"bbx","BBS798_0161","K02065","mlaF, linL, mkl","phospholipid/cholesterol/gamma-HCH transport system ATP-binding protein","0.0012","0.0117","Bordetella bronchiseptica S798"
"bbx","BBS798_0162","K02067","mlaD, linM","phospholipid/cholesterol/gamma-HCH transport system substrate-binding protein","0.0000 ","0.0053","Bordetella bronchiseptica S798"
"bbx","BBS798_0165","K07258","dacC, dacA, dacD","serine-type D-Ala-D-Ala carboxypeptidase (penicillin-binding protein 5/6)","0.0012","0.0145","Bordetella bronchiseptica S798"
"bbx","BBS798_0166","K00824","dat","D-alanine transaminase","0.1855","0.0810","Bordetella bronchiseptica S798"
"bbx","BBS798_0168","K03801","lipB","lipoyl(octanoyl) transferase","0.3018","0.2428","Bordetella bronchiseptica S798"
"bbx","BBS798_0169","K03644","lipA","lipoyl synthase","0.2427","0.2360","Bordetella bronchiseptica S798"
"bbx","BBS798_0170","K01790","rfbC, rmlC","dTDP-4-dehydrorhamnose 3,5-epimerase","0.0463","0.0857","Bordetella bronchiseptica S798"
"bbx","BBS798_0171","K00067","rfbD, rmlD","dTDP-4-dehydrorhamnose reductase","0.0335","0.0762","Bordetella bronchiseptica S798"
"bbx","BBS798_0172","K01710","E4.2.1.46, rfbB, rffG","dTDP-glucose 4,6-dehydratase","0.0322","0.0736","Bordetella bronchiseptica S798"
"bbx","BBS798_0173","K00798","MMAB, pduO","cob(I)alamin adenosyltransferase","0.0067","0.0376","Bordetella bronchiseptica S798"
"bbx","BBS798_0179","K09823","zur","Fur family transcriptional regulator, zinc uptake regulator","0.0000 ","0.0160","Bordetella bronchiseptica S798"
"bbx","BBS798_0188","K01778","dapF","diaminopimelate epimerase","0.3297","0.2269","Bordetella bronchiseptica S798"
"bbx","BBS798_0189","K02517","lpxL, htrB","Kdo2-lipid IVA lauroyltransferase","0.1623","0.0916","Bordetella bronchiseptica S798"
"bbx","BBS798_0190","K02517","lpxL, htrB","Kdo2-lipid IVA lauroyltransferase","0.1623","0.0916","Bordetella bronchiseptica S798"
"bbx","BBS798_0191","K00789","metK","S-adenosylmethionine synthetase","0.7119","0.5349","Bordetella bronchiseptica S798"
"bbx","BBS798_0194","K01251","E3.3.1.1, ahcY","adenosylhomocysteinase","0.0534","0.0351","Bordetella bronchiseptica S798"
"bbx","BBS798_0196","K00297","metF, MTHFR","methylenetetrahydrofolate reductase (NADPH)","0.0012","0.0130","Bordetella bronchiseptica S798"
"bbx","BBS798_0205","K03648","UNG, UDG","uracil-DNA glycosylase","0.0184","0.0637","Bordetella bronchiseptica S798"
"bbx","BBS798_0207","K01243","mtnN, mtn, pfs","adenosylhomocysteine nucleosidase","0.0429","0.1589","Bordetella bronchiseptica S798"
"bbx","BBS798_0222","K01912","paaK","phenylacetate-CoA ligase","0.0000 ","0.0000 ","Bordetella bronchiseptica S798"
"bbx","BBS798_0223","K01996","livF","branched-chain amino acid transport system ATP-binding protein","0.0000 ","0.0002","Bordetella bronchiseptica S798"
"bbx","BBS798_0224","K01999","livK","branched-chain amino acid transport system substrate-binding protein","0.0000 ","0.0005","Bordetella bronchiseptica S798"
"bbx","BBS798_0225","K01998","livM","branched-chain amino acid transport system permease protein","0.0000 ","0.0000 ","Bordetella bronchiseptica S798"
"bbx","BBS798_0226","K01997","livH","branched-chain amino acid transport system permease protein","0.0000 ","0.0000 ","Bordetella bronchiseptica S798"
"bbx","BBS798_0227","K01995","livG","branched-chain amino acid transport system ATP-binding protein","0.0000 ","0.0002","Bordetella bronchiseptica S798"
"bbx","BBS798_0228","K01897","ACSL, fadD","long-chain acyl-CoA synthetase","0.0000 ","0.0000 ","Bordetella bronchiseptica S798"
"bbx","BBS798_0236","K09969","aapJ, bztA","general L-amino acid transport system substrate-binding protein","0.0000 ","0.0060","Bordetella bronchiseptica S798"
"bbx","BBS798_0238","K01640","E4.1.3.4, HMGCL, hmgL","hydroxymethylglutaryl-CoA lyase","0.0091","0.0134","Bordetella bronchiseptica S798"
"bbx","BBS798_0241","K01556","KYNU, kynU","kynureninase","0.0000 ","0.0000 ","Bordetella bronchiseptica S798"
"bbx","BBS798_0243","K00604","MTFMT, fmt","methionyl-tRNA formyltransferase","0.5166","0.6569","Bordetella bronchiseptica S798"
"bbx","BBS798_0245","K01091","gph","phosphoglycolate phosphatase","0.0000 ","0.0024","Bordetella bronchiseptica S798"
"bbx","BBS798_0247","K06966","K06966","uncharacterized protein","0.0012","0.0125","Bordetella bronchiseptica S798"
"bbx","BBS798_0248","K03594","bfr","bacterioferritin","0.0000 ","0.0280","Bordetella bronchiseptica S798"
"bbx","BBS798_0250","K01821","praC, xylH","4-oxalocrotonate tautomerase","0.0192","0.0185","Bordetella bronchiseptica S798"
"bbx","BBS798_0255","K06989","nadX","aspartate dehydrogenase","0.0882","0.1674","Bordetella bronchiseptica S798"
"bbx","BBS798_0265","K07141","mocA","molybdenum cofactor cytidylyltransferase","0.0000 ","0.0063","Bordetella bronchiseptica S798"
"bbx","BBS798_0266","K14333","DHBD","2,3-dihydroxybenzoate decarboxylase","0.0000 ","0.0203","Bordetella bronchiseptica S798"
"bbx","BBS798_0267","K01799","nicE, maiA","maleate isomerase","0.0000 ","0.0000 ","Bordetella bronchiseptica S798"
"bbx","BBS798_0268","K15357","nicD","N-formylmaleamate deformylase","0.0000 ","0.1556","Bordetella bronchiseptica S798"
"bbx","BBS798_0269","K18028","nicX","2,5-dihydroxypyridine 5,6-dioxygenase","0.0000 ","0.1727","Bordetella bronchiseptica S798"
"bbx","BBS798_0270","K13995","nicF","maleamate amidohydrolase","0.0000 ","0.1532","Bordetella bronchiseptica S798"
"bbx","BBS798_0271","K16320","andAd","anthranilate 1,2-dioxygenase small subunit","0.0000 ","0.0186","Bordetella bronchiseptica S798"
"bbx","BBS798_0272","K16319","andAc","anthranilate 1,2-dioxygenase large subunit","0.0000 ","0.0170","Bordetella bronchiseptica S798"
"bbx","BBS798_0273","K00529","hcaD","3-phenylpropionate/trans-cinnamate dioxygenase ferredoxin reductase component","0.0127","0.0063","Bordetella bronchiseptica S798"
"bbx","BBS798_0274","K05710","hcaC","3-phenylpropionate/trans-cinnamate dioxygenase ferredoxin component","0.0071","0.0003","Bordetella bronchiseptica S798"
"bbx","BBS798_0284","K06048","ybdK","carboxylate-amine ligase","0.0000 ","0.0063","Bordetella bronchiseptica S798"
"bbx","BBS798_0285","K02169","bioC","malonyl-CoA O-methyltransferase","0.3922","0.0824","Bordetella bronchiseptica S798"
"bbx","BBS798_0289","K00057","gpsA","glycerol-3-phosphate dehydrogenase (NAD(P)+)","0.2265","0.0904","Bordetella bronchiseptica S798"
"bbx","BBS798_0290","K03071","secB","preprotein translocase subunit SecB","0.0016","0.2412","Bordetella bronchiseptica S798"
"bbx","BBS798_0293","K01834","PGAM, gpmA","2,3-bisphosphoglycerate-dependent phosphoglycerate mutase","0.4443","0.4971","Bordetella bronchiseptica S798"
"bbx","BBS798_0296","K21029","moeB","molybdopterin-synthase adenylyltransferase","0.0716","0.0757","Bordetella bronchiseptica S798"
"bbx","BBS798_0299","K03147","thiC","phosphomethylpyrimidine synthase","0.0335","0.1146","Bordetella bronchiseptica S798"
"bbx","BBS798_0306","K00931","proB","glutamate 5-kinase","0.0792","0.1238","Bordetella bronchiseptica S798"
"bbx","BBS798_0308","K02899","RP-L27, MRPL27, rpmA","large subunit ribosomal protein L27","0.3906","0.5424","Bordetella bronchiseptica S798"
"bbx","BBS798_0309","K02888","RP-L21, MRPL21, rplU","large subunit ribosomal protein L21","0.3906","0.5424","Bordetella bronchiseptica S798"
"bbx","BBS798_0311","K02523","ispB","octaprenyl-diphosphate synthase","0.3018","0.2081","Bordetella bronchiseptica S798"
"bbx","BBS798_0313","K01473","hyuA","N-methylhydantoinase A","0.0000 ","0.0037","Bordetella bronchiseptica S798"
"bbx","BBS798_0314","K01474","hyuB","N-methylhydantoinase B","0.0000 ","0.0037","Bordetella bronchiseptica S798"
"bbx","BBS798_0317","K00135","gabD","succinate-semialdehyde dehydrogenase / glutarate-semialdehyde dehydrogenase","0.0245","0.0296","Bordetella bronchiseptica S798"
"bbx","BBS798_0318","K07389","cyaC, hlyC, rtxC","cytolysin-activating lysine-acyltransferase","0.0080","0.0020","Bordetella bronchiseptica S798"
"bbx","BBS798_0319","K11005","hlyA","hemolysin A","0.0000 ","0.0266","Bordetella bronchiseptica S798"
"bbx","BBS798_0320","K11004","hlyB, cyaB","ATP-binding cassette, subfamily B, bacterial HlyB/CyaB","0.0000 ","0.0004","Bordetella bronchiseptica S798"
"bbx","BBS798_0321","K11003","hlyD, cyaD","hemolysin D","0.0000 ","0.0003","Bordetella bronchiseptica S798"
"bbx","BBS798_0322","K12340","tolC","outer membrane protein","0.0000 ","3.47E-","Bordetella bronchiseptica S798"
"bbx","BBS798_0324","K10001","gltI, aatJ","glutamate/aspartate transport system substrate-binding protein","0.0000 ","0.0007","Bordetella bronchiseptica S798"
"bbx","BBS798_0325","K10003","gltJ, aatQ","glutamate/aspartate transport system permease protein","0.0000 ","0.0006","Bordetella bronchiseptica S798"
"bbx","BBS798_0326","K10002","gltK, aatM","glutamate/aspartate transport system permease protein","0.0000 ","0.0006","Bordetella bronchiseptica S798"
"bbx","BBS798_0327","K10004","gltL, aatP","glutamate/aspartate transport system ATP-binding protein","0.0000 ","0.0000 ","Bordetella bronchiseptica S798"
"bbx","BBS798_0328","K00824","dat","D-alanine transaminase","0.1855","0.0810","Bordetella bronchiseptica S798"
"bbx","BBS798_0331","K00059","fabG","3-oxoacyl-[acyl-carrier protein] reductase","0.7026","0.4376","Bordetella bronchiseptica S798"
"bbx","BBS798_0332","K01652","E2.2.1.6L, ilvB, ilvG, ilvI","acetolactate synthase I/II/III large subunit","0.0184","0.0311","Bordetella bronchiseptica S798"
"bbx","BBS798_0344","K01652","E2.2.1.6L, ilvB, ilvG, ilvI","acetolactate synthase I/II/III large subunit","0.0184","0.0311","Bordetella bronchiseptica S798"
"bbx","BBS798_0348","K01644","citE","citrate lyase subunit beta / citryl-CoA lyase","0.0085","0.0032","Bordetella bronchiseptica S798"
"bbx","BBS798_0350","K01678","E4.2.1.2AB, fumB","fumarate hydratase subunit beta","0.1422","0.0503","Bordetella bronchiseptica S798"
"bbx","BBS798_0351","K01677","E4.2.1.2AA, fumA","fumarate hydratase subunit alpha","0.1422","0.0503","Bordetella bronchiseptica S798"
"bbx","BBS798_0356","K01029","E2.8.3.5B, scoB","3-oxoacid CoA-transferase subunit B","0.0000 ","0.0006","Bordetella bronchiseptica S798"
"bbx","BBS798_0357","K01028","E2.8.3.5A, scoA","3-oxoacid CoA-transferase subunit A","0.0000 ","0.0009","Bordetella bronchiseptica S798"
"bbx","BBS798_0359","K01692","paaF, echA","enoyl-CoA hydratase","0.0091","0.0090","Bordetella bronchiseptica S798"
"bbx","BBS798_0360","K00020","mmsB, HIBADH","3-hydroxyisobutyrate dehydrogenase","0.0000 ","0.0024","Bordetella bronchiseptica S798"
"bbx","BBS798_0361","K01999","livK","branched-chain amino acid transport system substrate-binding protein","0.0000 ","0.0005","Bordetella bronchiseptica S798"
"bbx","BBS798_0362","K01997","livH","branched-chain amino acid transport system permease protein","0.0000 ","0.0000 ","Bordetella bronchiseptica S798"
"bbx","BBS798_0363","K01998","livM","branched-chain amino acid transport system permease protein","0.0000 ","0.0000 ","Bordetella bronchiseptica S798"
"bbx","BBS798_0364","K01995","livG","branched-chain amino acid transport system ATP-binding protein","0.0000 ","0.0002","Bordetella bronchiseptica S798"
"bbx","BBS798_0365","K01996","livF","branched-chain amino acid transport system ATP-binding protein","0.0000 ","0.0002","Bordetella bronchiseptica S798"
"bbx","BBS798_0379","K02492","hemA","glutamyl-tRNA reductase","0.2206","0.1199","Bordetella bronchiseptica S798"
"bbx","BBS798_0383","K03186","ubiX, bsdB, PAD1","flavin prenyltransferase","0.0788","0.0786","Bordetella bronchiseptica S798"
"bbx","BBS798_0385","K04102","pht5","4,5-dihydroxyphthalate decarboxylase","0.0000 ","0.0203","Bordetella bronchiseptica S798"
"bbx","BBS798_0391","K02073","metQ","D-methionine transport system substrate-binding protein","0.0000 ","0.0053","Bordetella bronchiseptica S798"
"bbx","BBS798_0393","K00381","cysI","sulfite reductase (NADPH) hemoprotein beta-component","0.0245","0.0158","Bordetella bronchiseptica S798"
"bbx","BBS798_0395","K01996","livF","branched-chain amino acid transport system ATP-binding protein","0.0000 ","0.0002","Bordetella bronchiseptica S798"
"bbx","BBS798_0396","K01995","livG","branched-chain amino acid transport system ATP-binding protein","0.0000 ","0.0002","Bordetella bronchiseptica S798"
"bbx","BBS798_0397","K01997","livH","branched-chain amino acid transport system permease protein","0.0000 ","0.0000 ","Bordetella bronchiseptica S798"
"bbx","BBS798_0398","K01998","livM","branched-chain amino acid transport system permease protein","0.0000 ","0.0000 ","Bordetella bronchiseptica S798"
"bbx","BBS798_0400","K01999","livK","branched-chain amino acid transport system substrate-binding protein","0.0000 ","0.0005","Bordetella bronchiseptica S798"
"bbx","BBS798_0401","K02433","gatA, QRSL1","aspartyl-tRNA(Asn)/glutamyl-tRNA(Gln) amidotransferase subunit A","0.5916","0.2286","Bordetella bronchiseptica S798"
"bbx","BBS798_0402","K01673","cynT, can","carbonic anhydrase","0.0399","0.0279","Bordetella bronchiseptica S798"
"bbx","BBS798_0406","K01055","pcaD","3-oxoadipate enol-lactonase","0.0000 ","0.0032","Bordetella bronchiseptica S798"
"bbx","BBS798_0408","K03464","catC","muconolactone D-isomerase","0.0000 ","0.0203","Bordetella bronchiseptica S798"
"bbx","BBS798_0409","K01032","pcaJ","3-oxoadipate CoA-transferase, beta subunit","0.0051","0.0012","Bordetella bronchiseptica S798"
"bbx","BBS798_0410","K01031","pcaI","3-oxoadipate CoA-transferase, alpha subunit","0.0051","0.0012","Bordetella bronchiseptica S798"
"bbx","BBS798_0413","K02106","atoE","short-chain fatty acids transporter","0.0031","0.0030","Bordetella bronchiseptica S798"
"bbx","BBS798_0414","K00074","paaH, hbd, fadB, mmgB","3-hydroxybutyryl-CoA dehydrogenase","0.0021","0.0057","Bordetella bronchiseptica S798"
"bbx","BBS798_0415","K12688","sphB1, nalP, ausP","autotransporter serine protease","0.0000 ","0.0218","Bordetella bronchiseptica S798"
"bbx","BBS798_0416","K01595","ppc","phosphoenolpyruvate carboxylase","0.0895","0.1205","Bordetella bronchiseptica S798"
"bbx","BBS798_0417","K06920","queC","7-cyano-7-deazaguanine synthase","0.0000 ","0.1423","Bordetella bronchiseptica S798"
"bbx","BBS798_0418","K03823","pat","phosphinothricin acetyltransferase","0.0000 ","0.0002","Bordetella bronchiseptica S798"
"bbx","BBS798_0421","K12972","ghrA","glyoxylate/hydroxypyruvate reductase A","0.0127","0.0432","Bordetella bronchiseptica S798"
"bbx","BBS798_0422","K02035","ABC.PE.S","peptide/nickel transport system substrate-binding protein","0.0016","0.0015","Bordetella bronchiseptica S798"
"bbx","BBS798_0425","K01649","leuA, IMS","2-isopropylmalate synthase","0.0107","0.0293","Bordetella bronchiseptica S798"
"bbx","BBS798_0427","K01687","ilvD","dihydroxy-acid dehydratase","0.0429","0.0806","Bordetella bronchiseptica S798"
"bbx","BBS798_0429","K01081","E3.1.3.5","5-nucleotidase","0.1207","0.0548","Bordetella bronchiseptica S798"
"bbx","BBS798_0439","K00799","GST, gst","glutathione S-transferase","0.0402","0.0384","Bordetella bronchiseptica S798"
"bbx","BBS798_0457","K19745","acuI","acrylyl-CoA reductase (NADPH)","0.0141","0.0041","Bordetella bronchiseptica S798"
"bbx","BBS798_0466","K02106","atoE","short-chain fatty acids transporter","0.0031","0.0030","Bordetella bronchiseptica S798"
"bbx","BBS798_0482","K03201","virB6, lvhB6","type IV secretion system protein VirB6","0.0000 ","0.0001","Bordetella bronchiseptica S798"
"bbx","BBS798_0485","K03200","virB5, lvhB5","type IV secretion system protein VirB5","0.0000 ","0.0001","Bordetella bronchiseptica S798"
"bbx","BBS798_0495","K00799","GST, gst","glutathione S-transferase","0.0402","0.0384","Bordetella bronchiseptica S798"
"bbx","BBS798_0499","K03106","SRP54, ffh","signal recognition particle subunit SRP54","0.5327","0.5766","Bordetella bronchiseptica S798"
"bbx","BBS798_0501","K03154","thiS","sulfur carrier protein","0.0551","0.0894","Bordetella bronchiseptica S798"
"bbx","BBS798_0502","K01259","pip","proline iminopeptidase","0.0021","0.0070","Bordetella bronchiseptica S798"
"bbx","BBS798_0506","K01640","E4.1.3.4, HMGCL, hmgL","hydroxymethylglutaryl-CoA lyase","0.0091","0.0134","Bordetella bronchiseptica S798"
"bbx","BBS798_0510","K16968","msmA","methanesulfonate monooxygenase subunit alpha","0.0000 ","0.0282","Bordetella bronchiseptica S798"
"bbx","BBS798_0511","K16969","msmB","methanesulfonate monooxygenase subunit beta","0.0000 ","0.0282","Bordetella bronchiseptica S798"
"bbx","BBS798_0515","K15765","tmoF, tbuC, touF","toluene monooxygenase electron transfer component","0.0000 ","0.0203","Bordetella bronchiseptica S798"
"bbx","BBS798_0516","K15762","tmoC, tbuB, touC","toluene monooxygenase system ferredoxin subunit","0.0000 ","0.0203","Bordetella bronchiseptica S798"
"bbx","BBS798_0538","K00626","E2.3.1.9, atoB","acetyl-CoA C-acetyltransferase","0.0206","0.0393","Bordetella bronchiseptica S798"
"bbx","BBS798_0544","K01055","pcaD","3-oxoadipate enol-lactonase","0.0000 ","0.0032","Bordetella bronchiseptica S798"
"bbx","BBS798_0545","K01996","livF","branched-chain amino acid transport system ATP-binding protein","0.0000 ","0.0002","Bordetella bronchiseptica S798"
"bbx","BBS798_0546","K01995","livG","branched-chain amino acid transport system ATP-binding protein","0.0000 ","0.0002","Bordetella bronchiseptica S798"
"bbx","BBS798_0547","K01998","livM","branched-chain amino acid transport system permease protein","0.0000 ","0.0000 ","Bordetella bronchiseptica S798"
"bbx","BBS798_0548","K01997","livH","branched-chain amino acid transport system permease protein","0.0000 ","0.0000 ","Bordetella bronchiseptica S798"
"bbx","BBS798_0549","K01999","livK","branched-chain amino acid transport system substrate-binding protein","0.0000 ","0.0005","Bordetella bronchiseptica S798"
"bbx","BBS798_0553","K01799","nicE, maiA","maleate isomerase","0.0000 ","0.0000 ","Bordetella bronchiseptica S798"
"bbx","BBS798_0555","K00249","ACADM, acd","acyl-CoA dehydrogenase","0.0080","0.0113","Bordetella bronchiseptica S798"
"bbx","BBS798_0559","K01692","paaF, echA","enoyl-CoA hydratase","0.0091","0.0090","Bordetella bronchiseptica S798"
"bbx","BBS798_0563","K01644","citE","citrate lyase subunit beta / citryl-CoA lyase","0.0085","0.0032","Bordetella bronchiseptica S798"
"bbx","BBS798_0565","K00249","ACADM, acd","acyl-CoA dehydrogenase","0.0080","0.0113","Bordetella bronchiseptica S798"
"bbx","BBS798_0572","K01999","livK","branched-chain amino acid transport system substrate-binding protein","0.0000 ","0.0005","Bordetella bronchiseptica S798"
"bbx","BBS798_0573","K01997","livH","branched-chain amino acid transport system permease protein","0.0000 ","0.0000 ","Bordetella bronchiseptica S798"
"bbx","BBS798_0574","K01998","livM","branched-chain amino acid transport system permease protein","0.0000 ","0.0000 ","Bordetella bronchiseptica S798"
"bbx","BBS798_0575","K01995","livG","branched-chain amino acid transport system ATP-binding protein","0.0000 ","0.0002","Bordetella bronchiseptica S798"
"bbx","BBS798_0576","K01996","livF","branched-chain amino acid transport system ATP-binding protein","0.0000 ","0.0002","Bordetella bronchiseptica S798"
"bbx","BBS798_0584","K01958","PC, pyc","pyruvate carboxylase","0.1045","0.0458","Bordetella bronchiseptica S798"
"bbx","BBS798_0585","K06446","DCAA","acyl-CoA dehydrogenase","0.0000 ","0.0023","Bordetella bronchiseptica S798"
"bbx","BBS798_0587","K00059","fabG","3-oxoacyl-[acyl-carrier protein] reductase","0.7026","0.4376","Bordetella bronchiseptica S798"
"bbx","BBS798_0588","K00626","E2.3.1.9, atoB","acetyl-CoA C-acetyltransferase","0.0206","0.0393","Bordetella bronchiseptica S798"
"bbx","BBS798_0589","K01895","ACSS, acs","acetyl-CoA synthetase","0.0111","0.0269","Bordetella bronchiseptica S798"
"bbx","BBS798_0593","K00249","ACADM, acd","acyl-CoA dehydrogenase","0.0080","0.0113","Bordetella bronchiseptica S798"
"bbx","BBS798_0603","K01692","paaF, echA","enoyl-CoA hydratase","0.0091","0.0090","Bordetella bronchiseptica S798"
"bbx","BBS798_0612","K01426","E3.5.1.4, amiE","amidase","0.0000 ","0.0465","Bordetella bronchiseptica S798"
"bbx","BBS798_0613","K01479","hutG","formiminoglutamase","0.0000 ","0.0021","Bordetella bronchiseptica S798"
"bbx","BBS798_0616","K00299","ssuE","FMN reductase","0.0039","0.0023","Bordetella bronchiseptica S798"
"bbx","BBS798_0622","K10914","crp","CRP/FNR family transcriptional regulator, cyclic AMP receptor protein","0.0000 ","5.20E-","Bordetella bronchiseptica S798"
"bbx","BBS798_0627","K00020","mmsB, HIBADH","3-hydroxyisobutyrate dehydrogenase","0.0000 ","0.0024","Bordetella bronchiseptica S798"
"bbx","BBS798_0631","K01042","selA","L-seryl-tRNA(Ser) seleniumtransferase","0.0000 ","0.1409","Bordetella bronchiseptica S798"
"bbx","BBS798_0641","K00252","GCDH, gcdH","glutaryl-CoA dehydrogenase","0.0098","0.0096","Bordetella bronchiseptica S798"
"bbx","BBS798_0643","K00626","E2.3.1.9, atoB","acetyl-CoA C-acetyltransferase","0.0206","0.0393","Bordetella bronchiseptica S798"
"bbx","BBS798_0651","K00799","GST, gst","glutathione S-transferase","0.0402","0.0384","Bordetella bronchiseptica S798"
"bbx","BBS798_0655","K00128","ALDH","aldehyde dehydrogenase (NAD+)","0.0018","0.0086","Bordetella bronchiseptica S798"
"bbx","BBS798_0656","K01760","metC","cystathionine beta-lyase","0.3447","0.2232","Bordetella bronchiseptica S798"
"bbx","BBS798_0664","K01714","dapA","4-hydroxy-tetrahydrodipicolinate synthase","0.4899","0.3442","Bordetella bronchiseptica S798"
"bbx","BBS798_0666","K02424","fliY","cystine transport system substrate-binding protein","0.0000 ","0.0060","Bordetella bronchiseptica S798"
"bbx","BBS798_0667","K10009","ABC.CYST.P","cystine transport system permease protein","0.0020","0.0059","Bordetella bronchiseptica S798"
"bbx","BBS798_0668","K10010","ABC.CYST.A","cystine transport system ATP-binding protein","0.0000 ","0.0053","Bordetella bronchiseptica S798"
"bbx","BBS798_0671","K06016","pydC","beta-ureidopropionase / N-carbamoyl-L-amino-acid hydrolase","0.0044","0.1559","Bordetella bronchiseptica S798"
"bbx","BBS798_0674","K01483","allA","ureidoglycolate lyase","0.0026","0.0359","Bordetella bronchiseptica S798"
"bbx","BBS798_0686","K00600","glyA, SHMT","glycine hydroxymethyltransferase","0.3164","0.4597","Bordetella bronchiseptica S798"
"bbx","BBS798_0692","K01640","E4.1.3.4, HMGCL, hmgL","hydroxymethylglutaryl-CoA lyase","0.0091","0.0134","Bordetella bronchiseptica S798"
"bbx","BBS798_0696","K20454","dml","2,3-dimethylmalate lyase","0.0000 ","0.1593","Bordetella bronchiseptica S798"
"bbx","BBS798_0700","K01053","E3.1.1.17, gnl, RGN","gluconolactonase","0.0000 ","0.0000 ","Bordetella bronchiseptica S798"
"bbx","BBS798_0712","K05921","hpaG","5-oxopent-3-ene-1,2,5-tricarboxylate decarboxylase / 2-hydroxyhepta-2,4-diene-1,7-dioate isomerase","0.0000 ","0.0002","Bordetella bronchiseptica S798"
"bbx","BBS798_0713","K05921","hpaG","5-oxopent-3-ene-1,2,5-tricarboxylate decarboxylase / 2-hydroxyhepta-2,4-diene-1,7-dioate isomerase","0.0000 ","0.0002","Bordetella bronchiseptica S798"
"bbx","BBS798_0714","K00151","hpaE, hpcC","5-carboxymethyl-2-hydroxymuconic-semialdehyde dehydrogenase","0.0000 ","0.0043","Bordetella bronchiseptica S798"
"bbx","BBS798_0715","K00455","hpaD, hpcB","3,4-dihydroxyphenylacetate 2,3-dioxygenase","0.0000 ","0.0002","Bordetella bronchiseptica S798"
"bbx","BBS798_0716","K01826","hpaF, hpcD","5-carboxymethyl-2-hydroxymuconate isomerase","0.0000 ","0.0002","Bordetella bronchiseptica S798"
"bbx","BBS798_0717","K02509","hpaH","2-oxo-hept-3-ene-1,7-dioate hydratase","0.0000 ","0.0000 ","Bordetella bronchiseptica S798"
"bbx","BBS798_0718","K02510","hpaI, hpcH","4-hydroxy-2-oxoheptanedioate aldolase","0.0000 ","0.0000 ","Bordetella bronchiseptica S798"
"bbx","BBS798_0721","K01652","E2.2.1.6L, ilvB, ilvG, ilvI","acetolactate synthase I/II/III large subunit","0.0184","0.0311","Bordetella bronchiseptica S798"
"bbx","BBS798_0722","K00128","ALDH","aldehyde dehydrogenase (NAD+)","0.0018","0.0086","Bordetella bronchiseptica S798"
"bbx","BBS798_0729","K13774","atuB","citronellol/citronellal dehydrogenase","0.0000 ","0.0295","Bordetella bronchiseptica S798"
"bbx","BBS798_0731","K01912","paaK","phenylacetate-CoA ligase","0.0000 ","0.0000 ","Bordetella bronchiseptica S798"
"bbx","BBS798_0734","K01998","livM","branched-chain amino acid transport system permease protein","0.0000 ","0.0000 ","Bordetella bronchiseptica S798"
"bbx","BBS798_0735","K01997","livH","branched-chain amino acid transport system permease protein","0.0000 ","0.0000 ","Bordetella bronchiseptica S798"
"bbx","BBS798_0736","K01996","livF","branched-chain amino acid transport system ATP-binding protein","0.0000 ","0.0002","Bordetella bronchiseptica S798"
"bbx","BBS798_0737","K01995","livG","branched-chain amino acid transport system ATP-binding protein","0.0000 ","0.0002","Bordetella bronchiseptica S798"
"bbx","BBS798_0738","K01999","livK","branched-chain amino acid transport system substrate-binding protein","0.0000 ","0.0005","Bordetella bronchiseptica S798"
"bbx","BBS798_0740","K01692","paaF, echA","enoyl-CoA hydratase","0.0091","0.0090","Bordetella bronchiseptica S798"
"bbx","BBS798_0757","K02453","gspD","general secretion pathway protein D","0.0000 ","0.0005","Bordetella bronchiseptica S798"
"bbx","BBS798_0766","K11904","vgrG","type VI secretion system secreted protein VgrG","0.0000 ","0.0001","Bordetella bronchiseptica S798"
"bbx","BBS798_0775","K11903","hcp","type VI secretion system secreted protein Hcp","0.0000 ","0.0000 ","Bordetella bronchiseptica S798"
"bbx","BBS798_0783","K11907","vasG, clpV","type VI secretion system protein VasG","0.0000 ","0.0038","Bordetella bronchiseptica S798"
"bbx","BBS798_0786","K11906","vasD, lip","type VI secretion system protein VasD","0.0000 ","0.0001","Bordetella bronchiseptica S798"
"bbx","BBS798_0788","K11892","impK, ompA, vasF, dotU","type VI secretion system protein ImpK","0.0000 ","0.0001","Bordetella bronchiseptica S798"
"bbx","BBS798_0789","K11891","impL, vasK, icmF","type VI secretion system protein ImpL","0.0000 ","0.0000 ","Bordetella bronchiseptica S798"
"bbx","BBS798_0795","K06132","clsC","cardiolipin synthase C","0.0106","0.0916","Bordetella bronchiseptica S798"
"bbx","BBS798_0796","K02017","modC","molybdate transport system ATP-binding protein","0.0017","0.0074","Bordetella bronchiseptica S798"
"bbx","BBS798_0797","K02018","modB","molybdate transport system permease protein","0.0014","0.0066","Bordetella bronchiseptica S798"
"bbx","BBS798_0798","K02020","modA","molybdate transport system substrate-binding protein","0.0000 ","0.0053","Bordetella bronchiseptica S798"
"bbx","BBS798_0807","K00819","rocD, OAT","ornithine--oxo-acid transaminase","0.0044","0.0191","Bordetella bronchiseptica S798"
"bbx","BBS798_0808","K01476","E3.5.3.1, rocF, arg","arginase","0.0000 ","0.0005","Bordetella bronchiseptica S798"
"bbx","BBS798_0813","K01874","MARS, metG","methionyl-tRNA synthetase","0.3906","0.3932","Bordetella bronchiseptica S798"
"bbx","BBS798_0818","K01494","dcd","dCTP deaminase","0.3149","0.2584","Bordetella bronchiseptica S798"
"bbx","BBS798_0823","K01584","adiA","arginine decarboxylase","0.0342","0.0146","Bordetella bronchiseptica S798"
"bbx","BBS798_0827","K00605","gcvT, AMT","aminomethyltransferase","0.5261","0.3955","Bordetella bronchiseptica S798"
"bbx","BBS798_0828","K02437","gcvH, GCSH","glycine cleavage system H protein","0.4306","0.3273","Bordetella bronchiseptica S798"
"bbx","BBS798_0829","K00281","GLDC, gcvP","glycine dehydrogenase","0.5052","0.3271","Bordetella bronchiseptica S798"
"bbx","BBS798_0837","K02031","ABC.PE.A","peptide/nickel transport system ATP-binding protein","0.0000 ","0.0004","Bordetella bronchiseptica S798"
"bbx","BBS798_0838","K02034","ABC.PE.P1","peptide/nickel transport system permease protein","0.0075","0.0026","Bordetella bronchiseptica S798"
"bbx","BBS798_0839","K02033","ABC.PE.P","peptide/nickel transport system permease protein","0.0016","0.0026","Bordetella bronchiseptica S798"
"bbx","BBS798_0840","K02035","ABC.PE.S","peptide/nickel transport system substrate-binding protein","0.0016","0.0015","Bordetella bronchiseptica S798"
"bbx","BBS798_0841","K00140","mmsA, iolA, ALDH6A1","malonate-semialdehyde dehydrogenase (acetylating) / methylmalonate-semialdehyde dehydrogenase","0.0000 ","0.0040","Bordetella bronchiseptica S798"
"bbx","BBS798_0842","K00822","E2.6.1.18","beta-alanine--pyruvate transaminase","0.0000 ","0.0065","Bordetella bronchiseptica S798"
"bbx","BBS798_0844","K00287","folA","dihydrofolate reductase","0.7829","0.7222","Bordetella bronchiseptica S798"
"bbx","BBS798_0845","K00560","thyA, TYMS","thymidylate synthase","0.7829","0.8126","Bordetella bronchiseptica S798"
"bbx","BBS798_0847","K06134","COQ7","ubiquinone biosynthesis monooxygenase Coq7","0.3615","0.1344","Bordetella bronchiseptica S798"
"bbx","BBS798_0849","K02474","wbpO","UDP-N-acetyl-D-galactosamine dehydrogenase","0.0035","0.0181","Bordetella bronchiseptica S798"
"bbx","BBS798_0850","K02473","E5.1.3.7, wbpP","UDP-N-acetylglucosamine 4-epimerase","0.0000 ","0.0375","Bordetella bronchiseptica S798"
"bbx","BBS798_0853","K01953","asnB, ASNS","asparagine synthase (glutamine-hydrolysing)","0.0302","0.0397","Bordetella bronchiseptica S798"
"bbx","BBS798_0857","K01810","GPI, pgi","glucose-6-phosphate isomerase","0.3262","0.3873","Bordetella bronchiseptica S798"
"bbx","BBS798_0858","K15778","pmm-pgm","phosphomannomutase / phosphoglucomutase","0.1854","0.2408","Bordetella bronchiseptica S798"
"bbx","BBS798_0864","K01555","FAH, fahA","fumarylacetoacetase","0.0000 ","0.0203","Bordetella bronchiseptica S798"
"bbx","BBS798_0865","K00451","HGD, hmgA","homogentisate 1,2-dioxygenase","0.0000 ","0.0000 ","Bordetella bronchiseptica S798"
"bbx","BBS798_0868","K05712","mhpA","3-(3-hydroxy-phenyl)propionate hydroxylase","0.0000 ","0.0311","Bordetella bronchiseptica S798"
"bbx","BBS798_0870","K10563","mutM, fpg","formamidopyrimidine-DNA glycosylase","0.0011","0.0071","Bordetella bronchiseptica S798"
"bbx","BBS798_0873","K00919","ispE","4-diphosphocytidyl-2-C-methyl-D-erythritol kinase","0.5198","0.4114","Bordetella bronchiseptica S798"
"bbx","BBS798_0874","K00948","PRPS, prsA","ribose-phosphate pyrophosphokinase","0.7656","0.8943","Bordetella bronchiseptica S798"
"bbx","BBS798_0875","K02897","RP-L25, rplY","large subunit ribosomal protein L25","0.0966","0.3652","Bordetella bronchiseptica S798"
"bbx","BBS798_0895","K01652","E2.2.1.6L, ilvB, ilvG, ilvI","acetolactate synthase I/II/III large subunit","0.0184","0.0311","Bordetella bronchiseptica S798"
"bbx","BBS798_0898","K00029","E1.1.1.40, maeB","malate dehydrogenase (oxaloacetate-decarboxylating)(NADP+)","0.0137","0.0262","Bordetella bronchiseptica S798"
"bbx","BBS798_0900","K02033","ABC.PE.P","peptide/nickel transport system permease protein","0.0016","0.0026","Bordetella bronchiseptica S798"
"bbx","BBS798_0901","K02034","ABC.PE.P1","peptide/nickel transport system permease protein","0.0075","0.0026","Bordetella bronchiseptica S798"
"bbx","BBS798_0902","K13892","gsiA","glutathione transport system ATP-binding protein","0.0000 ","0.0053","Bordetella bronchiseptica S798"
"bbx","BBS798_0903","K02035","ABC.PE.S","peptide/nickel transport system substrate-binding protein","0.0016","0.0015","Bordetella bronchiseptica S798"
"bbx","BBS798_0913","K00954","E2.7.7.3A, coaD, kdtB","pantetheine-phosphate adenylyltransferase","0.5327","0.4431","Bordetella bronchiseptica S798"
"bbx","BBS798_0915","K03110","ftsY","fused signal recognition particle receptor","0.6601","0.5766","Bordetella bronchiseptica S798"
"bbx","BBS798_0917","K02042","phnE","phosphonate transport system permease protein","0.0000 ","0.0053","Bordetella bronchiseptica S798"
"bbx","BBS798_0918","K02042","phnE","phosphonate transport system permease protein","0.0000 ","0.0053","Bordetella bronchiseptica S798"
"bbx","BBS798_0919","K02041","phnC","phosphonate transport system ATP-binding protein","0.0000 ","0.0053","Bordetella bronchiseptica S798"
"bbx","BBS798_0920","K02044","phnD","phosphonate transport system substrate-binding protein","0.0024","0.0083","Bordetella bronchiseptica S798"
"bbx","BBS798_0923","K14652","ribBA","3,4-dihydroxy 2-butanone 4-phosphate synthase / GTP cyclohydrolase II","0.3054","0.3176","Bordetella bronchiseptica S798"
"bbx","BBS798_0924","K00794","ribH, RIB4","6,7-dimethyl-8-ribityllumazine synthase","0.2177","0.2963","Bordetella bronchiseptica S798"
"bbx","BBS798_0926","K00946","thiL","thiamine-monophosphate kinase","0.4471","0.2865","Bordetella bronchiseptica S798"
"bbx","BBS798_0927","K01095","pgpA","phosphatidylglycerophosphatase A","0.1284","0.0766","Bordetella bronchiseptica S798"
"bbx","BBS798_0928","K03743","pncC","nicotinamide-nucleotide amidase","0.0000 ","0.1524","Bordetella bronchiseptica S798"
"bbx","BBS798_0929","K01591","pyrF","orotidine-5-phosphate decarboxylase","0.0665","0.1970","Bordetella bronchiseptica S798"
"bbx","BBS798_0930","K03885","ndh","NADH dehydrogenase","0.0014","0.0187","Bordetella bronchiseptica S798"
"bbx","BBS798_0931","K00901","dgkA, DGK","diacylglycerol kinase (ATP)","0.0685","0.0786","Bordetella bronchiseptica S798"
"bbx","BBS798_0933","K12683","brkA","serum resistance protein","0.0000 ","0.0218","Bordetella bronchiseptica S798"
"bbx","BBS798_0934","K04077","groEL, HSPD1","chaperonin GroEL","0.4440","0.5638","Bordetella bronchiseptica S798"
"bbx","BBS798_0941","K05898","kstD","3-oxosteroid 1-dehydrogenase","0.0071","0.0568","Bordetella bronchiseptica S798"
"bbx","BBS798_0947","K01607","pcaC","4-carboxymuconolactone decarboxylase","0.0000 ","0.0000 ","Bordetella bronchiseptica S798"
"bbx","BBS798_0948","K00020","mmsB, HIBADH","3-hydroxyisobutyrate dehydrogenase","0.0000 ","0.0024","Bordetella bronchiseptica S798"
"bbx","BBS798_0952","K00681","ggt","gamma-glutamyltranspeptidase / glutathione hydrolase","0.0013","0.0125","Bordetella bronchiseptica S798"
"bbx","BBS798_0970","K02052","ABC.SP.A","putative spermidine/putrescine transport system ATP-binding protein","0.0031","0.0016","Bordetella bronchiseptica S798"
"bbx","BBS798_0971","K02053","ABC.SP.P","putative spermidine/putrescine transport system permease protein","0.0000 ","0.0022","Bordetella bronchiseptica S798"
"bbx","BBS798_0972","K02054","ABC.SP.P1","putative spermidine/putrescine transport system permease protein","0.0000 ","0.0026","Bordetella bronchiseptica S798"
"bbx","BBS798_0973","K02055","ABC.SP.S","putative spermidine/putrescine transport system substrate-binding protein","0.0116","0.0040","Bordetella bronchiseptica S798"
"bbx","BBS798_0979","K02031","ABC.PE.A","peptide/nickel transport system ATP-binding protein","0.0000 ","0.0004","Bordetella bronchiseptica S798"
"bbx","BBS798_0980","K02033","ABC.PE.P","peptide/nickel transport system permease protein","0.0016","0.0026","Bordetella bronchiseptica S798"
"bbx","BBS798_0984","K19670","phnA","phosphonoacetate hydrolase","0.0000 ","0.0002","Bordetella bronchiseptica S798"
"bbx","BBS798_0988","K00052","leuB, IMDH","3-isopropylmalate dehydrogenase","0.0322","0.0634","Bordetella bronchiseptica S798"
"bbx","BBS798_0989","K01704","leuD, IPMI-S","3-isopropylmalate/(R)-2-methylmalate dehydratase small subunit","0.0482","0.0748","Bordetella bronchiseptica S798"
"bbx","BBS798_0990","K01703","leuC, IPMI-L","3-isopropylmalate/(R)-2-methylmalate dehydratase large subunit","0.0463","0.0763","Bordetella bronchiseptica S798"
"bbx","BBS798_1005","K01601","rbcL","ribulose-bisphosphate carboxylase large chain","0.0071","0.0011","Bordetella bronchiseptica S798"
"bbx","BBS798_1012","K02012","afuA, fbpA","iron(III) transport system substrate-binding protein","0.0080","0.0073","Bordetella bronchiseptica S798"
"bbx","BBS798_1013","K02010","afuC, fbpC","iron(III) transport system ATP-binding protein","0.0026","0.0068","Bordetella bronchiseptica S798"
"bbx","BBS798_1014","K02011","afuB, fbpB","iron(III) transport system permease protein","0.0098","0.0095","Bordetella bronchiseptica S798"
"bbx","BBS798_1015","K00812","aspB","aspartate aminotransferase","0.2316","0.1300","Bordetella bronchiseptica S798"
"bbx","BBS798_1016","K01841","pepM","phosphoenolpyruvate phosphomutase","0.0071","0.0071","Bordetella bronchiseptica S798"
"bbx","BBS798_1018","K01053","E3.1.1.17, gnl, RGN","gluconolactonase","0.0000 ","0.0000 ","Bordetella bronchiseptica S798"
"bbx","BBS798_1020","K00058","serA, PHGDH","D-3-phosphoglycerate dehydrogenase / 2-oxoglutarate reductase","0.1073","0.1203","Bordetella bronchiseptica S798"
"bbx","BBS798_1021","K03119","tauD","taurine dioxygenase","0.0000 ","0.0000 ","Bordetella bronchiseptica S798"
"bbx","BBS798_1023","K01740","metY","O-acetylhomoserine (thiol)-lyase","0.1142","0.0577","Bordetella bronchiseptica S798"
"bbx","BBS798_1030","K11690","dctM","C4-dicarboxylate transporter, DctM subunit","0.0000 ","0.0016","Bordetella bronchiseptica S798"
"bbx","BBS798_1037","K00108","betA, CHDH","choline dehydrogenase","0.0000 ","0.0107","Bordetella bronchiseptica S798"
"bbx","BBS798_1039","K15554","ssuC","sulfonate transport system permease protein","0.0000 ","0.0007","Bordetella bronchiseptica S798"
"bbx","BBS798_1040","K15555","ssuB","sulfonate transport system ATP-binding protein","0.0000 ","0.0000 ","Bordetella bronchiseptica S798"
"bbx","BBS798_1041","K15553","ssuA","sulfonate transport system substrate-binding protein","0.0000 ","0.0000 ","Bordetella bronchiseptica S798"
"bbx","BBS798_1043","K01607","pcaC","4-carboxymuconolactone decarboxylase","0.0000 ","0.0000 ","Bordetella bronchiseptica S798"
"bbx","BBS798_1056","K00059","fabG","3-oxoacyl-[acyl-carrier protein] reductase","0.7026","0.4376","Bordetella bronchiseptica S798"
"bbx","BBS798_1075","K00529","hcaD","3-phenylpropionate/trans-cinnamate dioxygenase ferredoxin reductase component","0.0127","0.0063","Bordetella bronchiseptica S798"
"bbx","BBS798_1076","K01714","dapA","4-hydroxy-tetrahydrodipicolinate synthase","0.4899","0.3442","Bordetella bronchiseptica S798"
"bbx","BBS798_1077","K15054","mdlB","(S)-mandelate dehydrogenase","0.0000 ","0.0373","Bordetella bronchiseptica S798"
"bbx","BBS798_1081","K00059","fabG","3-oxoacyl-[acyl-carrier protein] reductase","0.7026","0.4376","Bordetella bronchiseptica S798"
"bbx","BBS798_1084","K01501","E3.5.5.1","nitrilase","0.0039","0.0060","Bordetella bronchiseptica S798"
"bbx","BBS798_1092","K01692","paaF, echA","enoyl-CoA hydratase","0.0091","0.0090","Bordetella bronchiseptica S798"
"bbx","BBS798_1115","K01999","livK","branched-chain amino acid transport system substrate-binding protein","0.0000 ","0.0005","Bordetella bronchiseptica S798"
"bbx","BBS798_1117","K01895","ACSS, acs","acetyl-CoA synthetase","0.0111","0.0269","Bordetella bronchiseptica S798"
"bbx","BBS798_1119","K01997","livH","branched-chain amino acid transport system permease protein","0.0000 ","0.0000 ","Bordetella bronchiseptica S798"
"bbx","BBS798_1120","K01998","livM","branched-chain amino acid transport system permease protein","0.0000 ","0.0000 ","Bordetella bronchiseptica S798"
"bbx","BBS798_1121","K01995","livG","branched-chain amino acid transport system ATP-binding protein","0.0000 ","0.0002","Bordetella bronchiseptica S798"
"bbx","BBS798_1122","K01996","livF","branched-chain amino acid transport system ATP-binding protein","0.0000 ","0.0002","Bordetella bronchiseptica S798"
"bbx","BBS798_1128","K00793","ribE, RIB5","riboflavin synthase","0.2177","0.2963","Bordetella bronchiseptica S798"
"bbx","BBS798_1143","K00832","tyrB","aromatic-amino-acid transaminase","0.1446","0.1315","Bordetella bronchiseptica S798"
"bbx","BBS798_1150","K12541","lapB","ATP-binding cassette, subfamily C, bacterial LapB","0.0029","0.0057","Bordetella bronchiseptica S798"
"bbx","BBS798_1161","K00059","fabG","3-oxoacyl-[acyl-carrier protein] reductase","0.7026","0.4376","Bordetella bronchiseptica S798"
"bbx","BBS798_1169","K03406","mcp","methyl-accepting chemotaxis protein","0.0071","0.0042","Bordetella bronchiseptica S798"
"bbx","BBS798_1177","K01652","E2.2.1.6L, ilvB, ilvG, ilvI","acetolactate synthase I/II/III large subunit","0.0184","0.0311","Bordetella bronchiseptica S798"
"bbx","BBS798_1178","K22187","N/A","","N/A","N/A","Bordetella bronchiseptica S798"
"bbx","BBS798_1187","K02433","gatA, QRSL1","aspartyl-tRNA(Asn)/glutamyl-tRNA(Gln) amidotransferase subunit A","0.5916","0.2286","Bordetella bronchiseptica S798"
"bbx","BBS798_1197","K01247","alkA","DNA-3-methyladenine glycosylase II","0.0000 ","0.0035","Bordetella bronchiseptica S798"
"bbx","BBS798_1200","K00425","cydA","cytochrome d ubiquinol oxidase subunit I","0.0184","0.0390","Bordetella bronchiseptica S798"
"bbx","BBS798_1201","K00426","cydB","cytochrome d ubiquinol oxidase subunit II","0.0046","0.0231","Bordetella bronchiseptica S798"
"bbx","BBS798_1205","K08357","ttrA","tetrathionate reductase subunit A","0.0000 ","0.0001","Bordetella bronchiseptica S798"
"bbx","BBS798_1206","K08359","ttrC","tetrathionate reductase subunit C","0.0000 ","0.0203","Bordetella bronchiseptica S798"
"bbx","BBS798_1207","K08358","ttrB","tetrathionate reductase subunit B","0.0000 ","0.0004","Bordetella bronchiseptica S798"
"bbx","BBS798_1216","K21053","ade","adenine deaminase","0.0029","0.0360","Bordetella bronchiseptica S798"
"bbx","BBS798_1219","K16515","galB","4-oxalomesaconate hydratase","0.0000 ","0.0003","Bordetella bronchiseptica S798"
"bbx","BBS798_1221","K00459","ncd2, npd","nitronate monooxygenase","0.0017","0.1220","Bordetella bronchiseptica S798"
"bbx","BBS798_1227","K22468","N/A","","N/A","N/A","Bordetella bronchiseptica S798"
"bbx","BBS798_1230","K01754","E4.3.1.19, ilvA, tdcB","threonine dehydratase","0.2176","0.1963","Bordetella bronchiseptica S798"
"bbx","BBS798_1233","K00249","ACADM, acd","acyl-CoA dehydrogenase","0.0080","0.0113","Bordetella bronchiseptica S798"
"bbx","BBS798_1243","K15011","regB, regS, actS","two-component system, sensor histidine kinase RegB","0.0000 ","0.0013","Bordetella bronchiseptica S798"
"bbx","BBS798_1244","K15012","regA, regR, actR","two-component system, response regulator RegA","0.0000 ","0.0007","Bordetella bronchiseptica S798"
"bbx","BBS798_1245","K02297","cyoA","cytochrome o ubiquinol oxidase subunit II","0.0022","0.0171","Bordetella bronchiseptica S798"
"bbx","BBS798_1246","K02298","cyoB","cytochrome o ubiquinol oxidase subunit I","0.0000 ","0.0160","Bordetella bronchiseptica S798"
"bbx","BBS798_1247","K02299","cyoC","cytochrome o ubiquinol oxidase subunit III","0.0022","0.0169","Bordetella bronchiseptica S798"
"bbx","BBS798_1248","K02300","cyoD","cytochrome o ubiquinol oxidase subunit IV","0.0091","0.0184","Bordetella bronchiseptica S798"
"bbx","BBS798_1269","K02300","cyoD","cytochrome o ubiquinol oxidase subunit IV","0.0091","0.0184","Bordetella bronchiseptica S798"
"bbx","BBS798_1270","K02299","cyoC","cytochrome o ubiquinol oxidase subunit III","0.0022","0.0169","Bordetella bronchiseptica S798"
"bbx","BBS798_1271","K02298","cyoB","cytochrome o ubiquinol oxidase subunit I","0.0000 ","0.0160","Bordetella bronchiseptica S798"
"bbx","BBS798_1272","K02297","cyoA","cytochrome o ubiquinol oxidase subunit II","0.0022","0.0171","Bordetella bronchiseptica S798"
"bbx","BBS798_1275","K01754","E4.3.1.19, ilvA, tdcB","threonine dehydratase","0.2176","0.1963","Bordetella bronchiseptica S798"
"bbx","BBS798_1281","K00126","fdsD","formate dehydrogenase subunit delta","0.0000 ","0.0203","Bordetella bronchiseptica S798"
"bbx","BBS798_1283","K00123","fdoG, fdfH","formate dehydrogenase major subunit","0.0000 ","0.0001","Bordetella bronchiseptica S798"
"bbx","BBS798_1284","K00124","fdoH","formate dehydrogenase iron-sulfur subunit","0.0000 ","0.0004","Bordetella bronchiseptica S798"
"bbx","BBS798_1285","K00127","fdoI","formate dehydrogenase subunit gamma","0.0000 ","0.0000 ","Bordetella bronchiseptica S798"
"bbx","BBS798_1287","K03639","moaA, CNX2","GTP 3,8-cyclase","0.0206","0.0410","Bordetella bronchiseptica S798"
"bbx","BBS798_1288","K03750","moeA","molybdopterin molybdotransferase","0.0051","0.1550","Bordetella bronchiseptica S798"
"bbx","BBS798_1289","K03638","moaB","molybdenum cofactor biosynthesis protein B","0.0000 ","0.0093","Bordetella bronchiseptica S798"
"bbx","BBS798_1290","K03635","MOCS2B, moaE","molybdopterin synthase catalytic subunit","0.0115","0.0336","Bordetella bronchiseptica S798"
"bbx","BBS798_1291","K03636","moaD, cysO","sulfur-carrier protein","0.0000 ","0.0140","Bordetella bronchiseptica S798"
"bbx","BBS798_1292","K03637","moaC, CNX3","cyclic pyranopterin monophosphate synthase","0.0064","0.0241","Bordetella bronchiseptica S798"
"bbx","BBS798_1294","K01061","E3.1.1.45","carboxymethylenebutenolidase","0.0000 ","0.0000 ","Bordetella bronchiseptica S798"
"bbx","BBS798_1299","K01012","bioB","biotin synthase","0.0544","0.1254","Bordetella bronchiseptica S798"
"bbx","BBS798_1304","K01681","ACO, acnA","aconitate hydratase","0.1854","0.2183","Bordetella bronchiseptica S798"
"bbx","BBS798_1305","K01466","allB","allantoinase","0.0039","0.0340","Bordetella bronchiseptica S798"
"bbx","BBS798_1309","K00244","frdA","fumarate reductase flavoprotein subunit","0.2589","0.1712","Bordetella bronchiseptica S798"
"bbx","BBS798_1321","K03074","secF","preprotein translocase subunit SecF","0.2743","0.1805","Bordetella bronchiseptica S798"
"bbx","BBS798_1322","K03072","secD","preprotein translocase subunit SecD","0.3583","0.2073","Bordetella bronchiseptica S798"
"bbx","BBS798_1323","K03210","yajC","preprotein translocase subunit YajC","0.1110","0.3272","Bordetella bronchiseptica S798"
"bbx","BBS798_1326","K07259","dacB","serine-type D-Ala-D-Ala carboxypeptidase/endopeptidase (penicillin-binding protein 4)","0.0016","0.0145","Bordetella bronchiseptica S798"
"bbx","BBS798_1327","K00761","upp, UPRT","uracil phosphoribosyltransferase","0.0177","0.1551","Bordetella bronchiseptica S798"
"bbx","BBS798_1328","K12681","prn","pertactin","0.0000 ","0.0218","Bordetella bronchiseptica S798"
"bbx","BBS798_1329","K02302","cysG","uroporphyrin-III C-methyltransferase / precorrin-2 dehydrogenase / sirohydrochlorin ferrochelatase","0.0206","0.0359","Bordetella bronchiseptica S798"
"bbx","BBS798_1334","K03182","ubiD","4-hydroxy-3-polyprenylbenzoate decarboxylase","0.1083","0.0771","Bordetella bronchiseptica S798"
"bbx","BBS798_1338","K00029","E1.1.1.40, maeB","malate dehydrogenase (oxaloacetate-decarboxylating)(NADP+)","0.0137","0.0262","Bordetella bronchiseptica S798"
"bbx","BBS798_1342","K00615","E2.2.1.1, tktA, tktB","transketolase","0.4726","0.6145","Bordetella bronchiseptica S798"
"bbx","BBS798_1343","K00134","GAPDH, gapA","glyceraldehyde 3-phosphate dehydrogenase","0.5166","0.5281","Bordetella bronchiseptica S798"
"bbx","BBS798_1344","K00927","PGK, pgk","phosphoglycerate kinase","0.3906","0.5214","Bordetella bronchiseptica S798"
"bbx","BBS798_1345","K00208","fabI","enoyl-[acyl-carrier protein] reductase I","0.5376","0.5020","Bordetella bronchiseptica S798"
"bbx","BBS798_1346","K00925","ackA","acetate kinase","0.0298","0.0659","Bordetella bronchiseptica S798"
"bbx","BBS798_1347","K00625","E2.3.1.8, pta","phosphate acetyltransferase","0.1122","0.0635","Bordetella bronchiseptica S798"
"bbx","BBS798_1349","K00799","GST, gst","glutathione S-transferase","0.0402","0.0384","Bordetella bronchiseptica S798"
"bbx","BBS798_1358","K03831","mogA","molybdopterin adenylyltransferase","0.0106","0.0170","Bordetella bronchiseptica S798"
"bbx","BBS798_1364","K00122","FDH","formate dehydrogenase","0.0000 ","0.0203","Bordetella bronchiseptica S798"
"bbx","BBS798_1367","K01455","E3.5.1.49","formamidase","0.0000 ","0.0000 ","Bordetella bronchiseptica S798"
"bbx","BBS798_1370","K01624","FBA, fbaA","fructose-bisphosphate aldolase, class II","0.5327","0.3946","Bordetella bronchiseptica S798"
"bbx","BBS798_1372","K01923","purC","phosphoribosylaminoimidazole-succinocarboxamide synthase","0.0544","0.0920","Bordetella bronchiseptica S798"
"bbx","BBS798_1377","K01588","purE","5-(carboxyamino)imidazole ribonucleotide mutase","0.0526","0.0937","Bordetella bronchiseptica S798"
"bbx","BBS798_1378","K01589","purK","5-(carboxyamino)imidazole ribonucleotide synthase","0.0429","0.0792","Bordetella bronchiseptica S798"
"bbx","BBS798_1380","K09969","aapJ, bztA","general L-amino acid transport system substrate-binding protein","0.0000 ","0.0060","Bordetella bronchiseptica S798"
"bbx","BBS798_1382","K01480","speB","agmatinase","0.0031","0.0043","Bordetella bronchiseptica S798"
"bbx","BBS798_1385","K09972","aapP, bztD","general L-amino acid transport system ATP-binding protein","0.0000 ","0.0053","Bordetella bronchiseptica S798"
"bbx","BBS798_1386","K01652","E2.2.1.6L, ilvB, ilvG, ilvI","acetolactate synthase I/II/III large subunit","0.0184","0.0311","Bordetella bronchiseptica S798"
"bbx","BBS798_1388","K00252","GCDH, gcdH","glutaryl-CoA dehydrogenase","0.0098","0.0096","Bordetella bronchiseptica S798"
"bbx","BBS798_1389","K01652","E2.2.1.6L, ilvB, ilvG, ilvI","acetolactate synthase I/II/III large subunit","0.0184","0.0311","Bordetella bronchiseptica S798"
"bbx","BBS798_1400","K02343","DPO3G, dnaX","DNA polymerase III subunit gamma/tau","0.9384","0.9971","Bordetella bronchiseptica S798"
"bbx","BBS798_1402","K06187","recR","recombination protein RecR","0.0040","0.0446","Bordetella bronchiseptica S798"
"bbx","BBS798_1407","K00616","E2.2.1.2, talA, talB","transaldolase","0.2499","0.2247","Bordetella bronchiseptica S798"
"bbx","BBS798_1408","K01956","carA, CPA1","carbamoyl-phosphate synthase small subunit","0.4583","0.4389","Bordetella bronchiseptica S798"
"bbx","BBS798_1409","K01955","carB, CPA2","carbamoyl-phosphate synthase large subunit","0.4583","0.4389","Bordetella bronchiseptica S798"
"bbx","BBS798_1411","K15634","gpmB","probable phosphoglycerate mutase","0.4010","0.3040","Bordetella bronchiseptica S798"
"bbx","BBS798_1413","K02010","afuC, fbpC","iron(III) transport system ATP-binding protein","0.0026","0.0068","Bordetella bronchiseptica S798"
"bbx","BBS798_1414","K02011","afuB, fbpB","iron(III) transport system permease protein","0.0098","0.0095","Bordetella bronchiseptica S798"
"bbx","BBS798_1417","K03406","mcp","methyl-accepting chemotaxis protein","0.0071","0.0042","Bordetella bronchiseptica S798"
"bbx","BBS798_1422","K00796","folP","dihydropteroate synthase","0.5030","0.3686","Bordetella bronchiseptica S798"
"bbx","BBS798_1423","K03431","glmM","phosphoglucosamine mutase","0.6398","0.1673","Bordetella bronchiseptica S798"
"bbx","BBS798_1425","K01524","ppx-gppA","exopolyphosphatase / guanosine-5-triphosphate,3-diphosphate pyrophosphatase","0.0111","0.0535","Bordetella bronchiseptica S798"
"bbx","BBS798_1426","K00937","ppk","polyphosphate kinase","0.0000 ","0.0000 ","Bordetella bronchiseptica S798"
"bbx","BBS798_1427","K02040","pstS","phosphate transport system substrate-binding protein","0.0099","0.0481","Bordetella bronchiseptica S798"
"bbx","BBS798_1428","K02037","pstC","phosphate transport system permease protein","0.0099","0.0317","Bordetella bronchiseptica S798"
"bbx","BBS798_1429","K02038","pstA","phosphate transport system permease protein","0.0184","0.0317","Bordetella bronchiseptica S798"
"bbx","BBS798_1430","K02036","pstB","phosphate transport system ATP-binding protein","0.0103","0.0272","Bordetella bronchiseptica S798"
"bbx","BBS798_1436","K06152","E1.1.99.3G","gluconate 2-dehydrogenase gamma chain","0.0000 ","0.0224","Bordetella bronchiseptica S798"
"bbx","BBS798_1437","K06151","E1.1.99.3A","gluconate 2-dehydrogenase alpha chain","0.0000 ","0.0127","Bordetella bronchiseptica S798"
"bbx","BBS798_1439","K01673","cynT, can","carbonic anhydrase","0.0399","0.0279","Bordetella bronchiseptica S798"
"bbx","BBS798_1441","K00043","gbd","4-hydroxybutyrate dehydrogenase","0.0000 ","0.0208","Bordetella bronchiseptica S798"
"bbx","BBS798_1442","K13877","aldH","2,5-dioxopentanoate dehydrogenase","0.0000 ","0.0217","Bordetella bronchiseptica S798"
"bbx","BBS798_1445","K01995","livG","branched-chain amino acid transport system ATP-binding protein","0.0000 ","0.0002","Bordetella bronchiseptica S798"
"bbx","BBS798_1446","K01996","livF","branched-chain amino acid transport system ATP-binding protein","0.0000 ","0.0002","Bordetella bronchiseptica S798"
"bbx","BBS798_1447","K01997","livH","branched-chain amino acid transport system permease protein","0.0000 ","0.0000 ","Bordetella bronchiseptica S798"
"bbx","BBS798_1448","K01998","livM","branched-chain amino acid transport system permease protein","0.0000 ","0.0000 ","Bordetella bronchiseptica S798"
"bbx","BBS798_1449","K01999","livK","branched-chain amino acid transport system substrate-binding protein","0.0000 ","0.0005","Bordetella bronchiseptica S798"
"bbx","BBS798_1450","K01996","livF","branched-chain amino acid transport system ATP-binding protein","0.0000 ","0.0002","Bordetella bronchiseptica S798"
"bbx","BBS798_1451","K01995","livG","branched-chain amino acid transport system ATP-binding protein","0.0000 ","0.0002","Bordetella bronchiseptica S798"
"bbx","BBS798_1452","K01998","livM","branched-chain amino acid transport system permease protein","0.0000 ","0.0000 ","Bordetella bronchiseptica S798"
"bbx","BBS798_1453","K01997","livH","branched-chain amino acid transport system permease protein","0.0000 ","0.0000 ","Bordetella bronchiseptica S798"
"bbx","BBS798_1454","K01999","livK","branched-chain amino acid transport system substrate-binding protein","0.0000 ","0.0005","Bordetella bronchiseptica S798"
"bbx","BBS798_1456","K00285","dadA","D-amino-acid dehydrogenase","0.0000 ","0.0022","Bordetella bronchiseptica S798"
"bbx","BBS798_1457","K01473","hyuA","N-methylhydantoinase A","0.0000 ","0.0037","Bordetella bronchiseptica S798"
"bbx","BBS798_1458","K01474","hyuB","N-methylhydantoinase B","0.0000 ","0.0037","Bordetella bronchiseptica S798"
"bbx","BBS798_1462","K01999","livK","branched-chain amino acid transport system substrate-binding protein","0.0000 ","0.0005","Bordetella bronchiseptica S798"
"bbx","BBS798_1463","K01997","livH","branched-chain amino acid transport system permease protein","0.0000 ","0.0000 ","Bordetella bronchiseptica S798"
"bbx","BBS798_1464","K01998","livM","branched-chain amino acid transport system permease protein","0.0000 ","0.0000 ","Bordetella bronchiseptica S798"
"bbx","BBS798_1465","K01995","livG","branched-chain amino acid transport system ATP-binding protein","0.0000 ","0.0002","Bordetella bronchiseptica S798"
"bbx","BBS798_1466","K01996","livF","branched-chain amino acid transport system ATP-binding protein","0.0000 ","0.0002","Bordetella bronchiseptica S798"
"bbx","BBS798_1482","K09969","aapJ, bztA","general L-amino acid transport system substrate-binding protein","0.0000 ","0.0060","Bordetella bronchiseptica S798"
"bbx","BBS798_1483","K09970","aapQ, bztB","general L-amino acid transport system permease protein","0.0000 ","0.0059","Bordetella bronchiseptica S798"
"bbx","BBS798_1484","K09971","aapM, bztC","general L-amino acid transport system permease protein","0.0000 ","0.0059","Bordetella bronchiseptica S798"
"bbx","BBS798_1485","K09972","aapP, bztD","general L-amino acid transport system ATP-binding protein","0.0000 ","0.0053","Bordetella bronchiseptica S798"
"bbx","BBS798_1488","K00058","serA, PHGDH","D-3-phosphoglycerate dehydrogenase / 2-oxoglutarate reductase","0.1073","0.1203","Bordetella bronchiseptica S798"
"bbx","BBS798_1489","K06016","pydC","beta-ureidopropionase / N-carbamoyl-L-amino-acid hydrolase","0.0044","0.1559","Bordetella bronchiseptica S798"
"bbx","BBS798_1492","K01470","E3.5.2.10","creatinine amidohydrolase","0.0206","0.0067","Bordetella bronchiseptica S798"
"bbx","BBS798_1501","K01760","metC","cystathionine beta-lyase","0.3447","0.2232","Bordetella bronchiseptica S798"
"bbx","BBS798_1504","K08351","bisC","biotin/methionine sulfoxide reductase","0.0000 ","0.0667","Bordetella bronchiseptica S798"
"bbx","BBS798_1506","K01996","livF","branched-chain amino acid transport system ATP-binding protein","0.0000 ","0.0002","Bordetella bronchiseptica S798"
"bbx","BBS798_1507","K01995","livG","branched-chain amino acid transport system ATP-binding protein","0.0000 ","0.0002","Bordetella bronchiseptica S798"
"bbx","BBS798_1508","K01998","livM","branched-chain amino acid transport system permease protein","0.0000 ","0.0000 ","Bordetella bronchiseptica S798"
"bbx","BBS798_1509","K01997","livH","branched-chain amino acid transport system permease protein","0.0000 ","0.0000 ","Bordetella bronchiseptica S798"
"bbx","BBS798_1510","K01999","livK","branched-chain amino acid transport system substrate-binding protein","0.0000 ","0.0005","Bordetella bronchiseptica S798"
"bbx","BBS798_1513","K00790","murA","UDP-N-acetylglucosamine 1-carboxyvinyltransferase","0.6496","0.7385","Bordetella bronchiseptica S798"
"bbx","BBS798_1522","K00128","ALDH","aldehyde dehydrogenase (NAD+)","0.0018","0.0086","Bordetella bronchiseptica S798"
"bbx","BBS798_1525","K02160","accB, bccP","acetyl-CoA carboxylase biotin carboxyl carrier protein","0.6398","0.6233","Bordetella bronchiseptica S798"
"bbx","BBS798_1526","K01571","oadA","oxaloacetate decarboxylase, alpha subunit","0.1045","0.0116","Bordetella bronchiseptica S798"
"bbx","BBS798_1531","K01961","accC","acetyl-CoA carboxylase, biotin carboxylase subunit","0.6943","0.5149","Bordetella bronchiseptica S798"
"bbx","BBS798_1540","K00529","hcaD","3-phenylpropionate/trans-cinnamate dioxygenase ferredoxin reductase component","0.0127","0.0063","Bordetella bronchiseptica S798"
"bbx","BBS798_1542","K02509","hpaH","2-oxo-hept-3-ene-1,7-dioate hydratase","0.0000 ","0.0000 ","Bordetella bronchiseptica S798"
"bbx","BBS798_1545","K14578","nahAb, nagAb, ndoA, nbzAb, dntAb","naphthalene 1,2-dioxygenase ferredoxin component","0.0000 ","0.0002","Bordetella bronchiseptica S798"
"bbx","BBS798_1549","K16320","andAd","anthranilate 1,2-dioxygenase small subunit","0.0000 ","0.0186","Bordetella bronchiseptica S798"
"bbx","BBS798_1550","K16319","andAc","anthranilate 1,2-dioxygenase large subunit","0.0000 ","0.0170","Bordetella bronchiseptica S798"
"bbx","BBS798_1551","K01999","livK","branched-chain amino acid transport system substrate-binding protein","0.0000 ","0.0005","Bordetella bronchiseptica S798"
"bbx","BBS798_1552","K01997","livH","branched-chain amino acid transport system permease protein","0.0000 ","0.0000 ","Bordetella bronchiseptica S798"
"bbx","BBS798_1553","K01998","livM","branched-chain amino acid transport system permease protein","0.0000 ","0.0000 ","Bordetella bronchiseptica S798"
"bbx","BBS798_1554","K01995","livG","branched-chain amino acid transport system ATP-binding protein","0.0000 ","0.0002","Bordetella bronchiseptica S798"
"bbx","BBS798_1555","K01996","livF","branched-chain amino acid transport system ATP-binding protein","0.0000 ","0.0002","Bordetella bronchiseptica S798"
"bbx","BBS798_1557","K00681","ggt","gamma-glutamyltranspeptidase / glutathione hydrolase","0.0013","0.0125","Bordetella bronchiseptica S798"
"bbx","BBS798_1568","K03221","yscF, sctF","type III secretion protein F","0.0000 ","0.0204","Bordetella bronchiseptica S798"
"bbx","BBS798_1571","K03230","yscV, sctV, hrcV","type III secretion protein V","0.0000 ","0.0001","Bordetella bronchiseptica S798"
"bbx","BBS798_1573","K04059","yscX, sctX","type III secretion protein X","0.0000 ","0.0204","Bordetella bronchiseptica S798"
"bbx","BBS798_1575","K04058","yscW, sctW","type III secretion protein W","0.0000 ","0.0204","Bordetella bronchiseptica S798"
"bbx","BBS798_1584","K03222","yscJ, sctJ, hrcJ","type III secretion protein J","0.0051","0.0007","Bordetella bronchiseptica S798"
"bbx","BBS798_1586","K03223","yscL, sctL","type III secretion protein L","0.0000 ","0.0001","Bordetella bronchiseptica S798"
"bbx","BBS798_1587","K03224","yscN, sctN, hrcN","ATP synthase in type III secretion protein N","0.0000 ","0.0001","Bordetella bronchiseptica S798"
"bbx","BBS798_1588","K04056","yscO, sctO","type III secretion protein O","0.0000 ","0.0204","Bordetella bronchiseptica S798"
"bbx","BBS798_1590","K03225","yscQ, sctQ, hrcQ","type III secretion protein Q","0.0000 ","0.0049","Bordetella bronchiseptica S798"
"bbx","BBS798_1591","K03226","yscR, sctR, hrcR","type III secretion protein R","0.0000 ","0.0001","Bordetella bronchiseptica S798"
"bbx","BBS798_1592","K03227","yscS, sctS, hrcS","type III secretion protein S","0.0051","0.0007","Bordetella bronchiseptica S798"
"bbx","BBS798_1593","K03228","yscT, sctT, hrcT","type III secretion protein T","0.0051","0.0007","Bordetella bronchiseptica S798"
"bbx","BBS798_1594","K03229","yscU, sctU, hrcU","type III secretion protein U","0.0000 ","0.0001","Bordetella bronchiseptica S798"
"bbx","BBS798_1596","K03219","yscC, sctC","type III secretion protein C","0.0000 ","0.0204","Bordetella bronchiseptica S798"
"bbx","BBS798_1603","K01775","alr","alanine racemase","0.3752","0.4780","Bordetella bronchiseptica S798"
"bbx","BBS798_1606","K06131","clsA_B","cardiolipin synthase A/B","0.0144","0.0916","Bordetella bronchiseptica S798"
"bbx","BBS798_1614","K01714","dapA","4-hydroxy-tetrahydrodipicolinate synthase","0.4899","0.3442","Bordetella bronchiseptica S798"
"bbx","BBS798_1616","K07345","fimA","major type 1 subunit fimbrin (pilin)","0.0031","0.0019","Bordetella bronchiseptica S798"
"bbx","BBS798_1618","K03555","mutS","DNA mismatch repair protein MutS","0.0046","0.0241","Bordetella bronchiseptica S798"
"bbx","BBS798_1630","K01092","E3.1.3.25, IMPA, suhB","myo-inositol-1(or 4)-monophosphatase","0.1110","0.1479","Bordetella bronchiseptica S798"
"bbx","BBS798_1632","K06153","bacA","undecaprenyl-diphosphatase","0.0287","0.0496","Bordetella bronchiseptica S798"
"bbx","BBS798_1633","K03269","lpxH","UDP-2,3-diacylglucosamine hydrolase","0.3317","0.1700","Bordetella bronchiseptica S798"
"bbx","BBS798_1636","K01883","CARS, cysS","cysteinyl-tRNA synthetase","0.6601","0.3696","Bordetella bronchiseptica S798"
"bbx","BBS798_1637","K01247","alkA","DNA-3-methyladenine glycosylase II","0.0000 ","0.0035","Bordetella bronchiseptica S798"
"bbx","BBS798_1638","K01962","accA","acetyl-CoA carboxylase carboxyl transferase subunit alpha","0.6626","0.6603","Bordetella bronchiseptica S798"
"bbx","BBS798_1640","K00928","lysC","aspartate kinase","0.3479","0.4527","Bordetella bronchiseptica S798"
"bbx","BBS798_1647","K09023","rutD","aminoacrylate hydrolase","0.0000 ","0.1272","Bordetella bronchiseptica S798"
"bbx","BBS798_1648","K06989","nadX","aspartate dehydrogenase","0.0882","0.1674","Bordetella bronchiseptica S798"
"bbx","BBS798_1652","K02055","ABC.SP.S","putative spermidine/putrescine transport system substrate-binding protein","0.0116","0.0040","Bordetella bronchiseptica S798"
"bbx","BBS798_1654","K02054","ABC.SP.P1","putative spermidine/putrescine transport system permease protein","0.0000 ","0.0026","Bordetella bronchiseptica S798"
"bbx","BBS798_1655","K02053","ABC.SP.P","putative spermidine/putrescine transport system permease protein","0.0000 ","0.0022","Bordetella bronchiseptica S798"
"bbx","BBS798_1656","K02052","ABC.SP.A","putative spermidine/putrescine transport system ATP-binding protein","0.0031","0.0016","Bordetella bronchiseptica S798"
"bbx","BBS798_1666","K10680","nemA","N-ethylmaleimide reductase","0.0000 ","0.0000 ","Bordetella bronchiseptica S798"
"bbx","BBS798_1673","K01999","livK","branched-chain amino acid transport system substrate-binding protein","0.0000 ","0.0005","Bordetella bronchiseptica S798"
"bbx","BBS798_1674","K01997","livH","branched-chain amino acid transport system permease protein","0.0000 ","0.0000 ","Bordetella bronchiseptica S798"
"bbx","BBS798_1675","K01995","livG","branched-chain amino acid transport system ATP-binding protein","0.0000 ","0.0002","Bordetella bronchiseptica S798"
"bbx","BBS798_1676","K01996","livF","branched-chain amino acid transport system ATP-binding protein","0.0000 ","0.0002","Bordetella bronchiseptica S798"
"bbx","BBS798_1677","K18030","nicB","nicotinate dehydrogenase subunit B","0.0000 ","0.1537","Bordetella bronchiseptica S798"
"bbx","BBS798_1678","K18029","nicA","nicotinate dehydrogenase subunit A","0.0000 ","0.1534","Bordetella bronchiseptica S798"
"bbx","BBS798_1679","K14974","nicC","6-hydroxynicotinate 3-monooxygenase","0.0000 ","0.1835","Bordetella bronchiseptica S798"
"bbx","BBS798_1680","K01799","nicE, maiA","maleate isomerase","0.0000 ","0.0000 ","Bordetella bronchiseptica S798"
"bbx","BBS798_1681","K15357","nicD","N-formylmaleamate deformylase","0.0000 ","0.1556","Bordetella bronchiseptica S798"
"bbx","BBS798_1682","K18028","nicX","2,5-dihydroxypyridine 5,6-dioxygenase","0.0000 ","0.1727","Bordetella bronchiseptica S798"
"bbx","BBS798_1683","K13995","nicF","maleamate amidohydrolase","0.0000 ","0.1532","Bordetella bronchiseptica S798"
"bbx","BBS798_1690","K01897","ACSL, fadD","long-chain acyl-CoA synthetase","0.0000 ","0.0000 ","Bordetella bronchiseptica S798"
"bbx","BBS798_1692","K00632","fadA, fadI","acetyl-CoA acyltransferase","0.0067","0.0198","Bordetella bronchiseptica S798"
"bbx","BBS798_1693","K07516","fadN","3-hydroxyacyl-CoA dehydrogenase","0.0029","0.0088","Bordetella bronchiseptica S798"
"bbx","BBS798_1695","K01782","fadJ","3-hydroxyacyl-CoA dehydrogenase / enoyl-CoA hydratase / 3-hydroxybutyryl-CoA epimerase","0.0067","0.0147","Bordetella bronchiseptica S798"
"bbx","BBS798_1696","K00626","E2.3.1.9, atoB","acetyl-CoA C-acetyltransferase","0.0206","0.0393","Bordetella bronchiseptica S798"
"bbx","BBS798_1697","K06445","fadE","acyl-CoA dehydrogenase","0.0106","0.0068","Bordetella bronchiseptica S798"
"bbx","BBS798_1701","K15778","pmm-pgm","phosphomannomutase / phosphoglucomutase","0.1854","0.2408","Bordetella bronchiseptica S798"
"bbx","BBS798_1702","K01810","GPI, pgi","glucose-6-phosphate isomerase","0.3262","0.3873","Bordetella bronchiseptica S798"
"bbx","BBS798_1703","K00640","cysE","serine O-acetyltransferase","0.0386","0.0820","Bordetella bronchiseptica S798"
"bbx","BBS798_1707","K00135","gabD","succinate-semialdehyde dehydrogenase / glutarate-semialdehyde dehydrogenase","0.0245","0.0296","Bordetella bronchiseptica S798"
"bbx","BBS798_1708","K00823","puuE","4-aminobutyrate aminotransferase","0.0039","0.0172","Bordetella bronchiseptica S798"
"bbx","BBS798_1711","K03657","uvrD, pcrA","DNA helicase II / ATP-dependent DNA helicase PcrA","0.0351","0.0917","Bordetella bronchiseptica S798"
"bbx","BBS798_1715","K02033","ABC.PE.P","peptide/nickel transport system permease protein","0.0016","0.0026","Bordetella bronchiseptica S798"
"bbx","BBS798_1716","K02034","ABC.PE.P1","peptide/nickel transport system permease protein","0.0075","0.0026","Bordetella bronchiseptica S798"
"bbx","BBS798_1717","K02031","ABC.PE.A","peptide/nickel transport system ATP-binding protein","0.0000 ","0.0004","Bordetella bronchiseptica S798"
"bbx","BBS798_1740","K08738","CYC","cytochrome c","0.0029","0.0053","Bordetella bronchiseptica S798"
"bbx","BBS798_1745","K01681","ACO, acnA","aconitate hydratase","0.1854","0.2183","Bordetella bronchiseptica S798"
"bbx","BBS798_1748","K01560","E3.8.1.2","2-haloacid dehalogenase","0.0000 ","0.0388","Bordetella bronchiseptica S798"
"bbx","BBS798_1751","K01682","acnB","aconitate hydratase 2 / 2-methylisocitrate dehydratase","0.1854","0.1720","Bordetella bronchiseptica S798"
"bbx","BBS798_1752","K02342","DPO3E, dnaQ","DNA polymerase III subunit epsilon","0.8212","0.6494","Bordetella bronchiseptica S798"
"bbx","BBS798_1762","K18118","aarC, cat1","succinyl-CoA:acetate CoA-transferase","0.0426","0.0229","Bordetella bronchiseptica S798"
"bbx","BBS798_1769","K00969","nadD","nicotinate-nucleotide adenylyltransferase","0.4583","0.4141","Bordetella bronchiseptica S798"
"bbx","BBS798_1770","K00228","CPOX, hemF","coproporphyrinogen III oxidase","0.3618","0.1531","Bordetella bronchiseptica S798"
"bbx","BBS798_1771","K01945","purD","phosphoribosylamine--glycine ligase","0.0268","0.0743","Bordetella bronchiseptica S798"
"bbx","BBS798_1774","K16871","POP2","4-aminobutyrate---pyruvate transaminase","0.0051","0.0105","Bordetella bronchiseptica S798"
"bbx","BBS798_1775","K12972","ghrA","glyoxylate/hydroxypyruvate reductase A","0.0127","0.0432","Bordetella bronchiseptica S798"
"bbx","BBS798_1776","K09472","puuC, aldH","gamma-glutamyl-gamma-aminobutyraldehyde dehydrogenase","0.0000 ","0.0078","Bordetella bronchiseptica S798"
"bbx","BBS798_1778","K06016","pydC","beta-ureidopropionase / N-carbamoyl-L-amino-acid hydrolase","0.0044","0.1559","Bordetella bronchiseptica S798"
"bbx","BBS798_1781","K07250","gabT","4-aminobutyrate aminotransferase / (S)-3-amino-2-methylpropionate transaminase","0.0029","0.0181","Bordetella bronchiseptica S798"
"bbx","BBS798_1782","K02031","ABC.PE.A","peptide/nickel transport system ATP-binding protein","0.0000 ","0.0004","Bordetella bronchiseptica S798"
"bbx","BBS798_1783","K02034","ABC.PE.P1","peptide/nickel transport system permease protein","0.0075","0.0026","Bordetella bronchiseptica S798"
"bbx","BBS798_1784","K02033","ABC.PE.P","peptide/nickel transport system permease protein","0.0016","0.0026","Bordetella bronchiseptica S798"
"bbx","BBS798_1785","K02035","ABC.PE.S","peptide/nickel transport system substrate-binding protein","0.0016","0.0015","Bordetella bronchiseptica S798"
"bbx","BBS798_1787","K07246","ttuC, dmlA","tartrate dehydrogenase/decarboxylase / D-malate dehydrogenase","0.0000 ","0.0301","Bordetella bronchiseptica S798"
"bbx","BBS798_1797","K01011","TST, MPST, sseA","thiosulfate/3-mercaptopyruvate sulfurtransferase","0.0152","0.0317","Bordetella bronchiseptica S798"
"bbx","BBS798_1800","K02010","afuC, fbpC","iron(III) transport system ATP-binding protein","0.0026","0.0068","Bordetella bronchiseptica S798"
"bbx","BBS798_1801","K02011","afuB, fbpB","iron(III) transport system permease protein","0.0098","0.0095","Bordetella bronchiseptica S798"
"bbx","BBS798_1802","K05306","phnX","phosphonoacetaldehyde hydrolase","0.0000 ","0.0206","Bordetella bronchiseptica S798"
"bbx","BBS798_1803","K02012","afuA, fbpA","iron(III) transport system substrate-binding protein","0.0080","0.0073","Bordetella bronchiseptica S798"
"bbx","BBS798_1811","K03602","xseB","exodeoxyribonuclease VII small subunit","0.0190","0.0389","Bordetella bronchiseptica S798"
"bbx","BBS798_1812","K00795","ispA","farnesyl diphosphate synthase","0.2867","0.2081","Bordetella bronchiseptica S798"
"bbx","BBS798_1813","K01662","dxs","1-deoxy-D-xylulose-5-phosphate synthase","0.6552","0.5909","Bordetella bronchiseptica S798"
"bbx","BBS798_1814","K09007","GCH4, folE","GTP cyclohydrolase I","0.4428","0.2985","Bordetella bronchiseptica S798"
"bbx","BBS798_1815","K02990","RP-S6, MRPS6, rpsF","small subunit ribosomal protein S6","0.5030","0.5709","Bordetella bronchiseptica S798"
"bbx","BBS798_1816","K02686","priB","primosomal replication protein N","0.0725","0.0455","Bordetella bronchiseptica S798"
"bbx","BBS798_1817","K02963","RP-S18, MRPS18, rpsR","small subunit ribosomal protein S18","0.4440","0.5564","Bordetella bronchiseptica S798"
"bbx","BBS798_1818","K02939","RP-L9, MRPL9, rplI","large subunit ribosomal protein L9","0.0090","0.3152","Bordetella bronchiseptica S798"
"bbx","BBS798_1820","K02314","dnaB","replicative DNA helicase","0.6807","0.7836","Bordetella bronchiseptica S798"
"bbx","BBS798_1822","K00097","pdxA","4-hydroxythreonine-4-phosphate dehydrogenase","0.2365","0.1560","Bordetella bronchiseptica S798"
"bbx","BBS798_1827","K00003","E1.1.1.3","homoserine dehydrogenase","0.1029","0.1079","Bordetella bronchiseptica S798"
"bbx","BBS798_1828","K01733","thrC","threonine synthase","0.1110","0.1922","Bordetella bronchiseptica S798"
"bbx","BBS798_1830","K03841","FBP, fbp","fructose-1,6-bisphosphatase I","0.5073","0.5137","Bordetella bronchiseptica S798"
"bbx","BBS798_1831","K01256","pepN","aminopeptidase N","0.0298","0.0588","Bordetella bronchiseptica S798"
"bbx","BBS798_1836","K01626","E2.5.1.54, aroF, aroG, aroH","3-deoxy-7-phosphoheptulonate synthase","0.0606","0.0964","Bordetella bronchiseptica S798"
"bbx","BBS798_1837","K15125","fhaB","filamentous hemagglutinin","0.0000 ","0.0015","Bordetella bronchiseptica S798"
"bbx","BBS798_1838","K00102","LDHD, dld","D-lactate dehydrogenase (cytochrome)","0.0000 ","0.0303","Bordetella bronchiseptica S798"
"bbx","BBS798_1839","K00104","glcD","glycolate oxidase","0.0085","0.0055","Bordetella bronchiseptica S798"
"bbx","BBS798_1840","K11472","glcE","glycolate oxidase FAD binding subunit","0.0116","0.0055","Bordetella bronchiseptica S798"
"bbx","BBS798_1841","K11473","glcF","glycolate oxidase iron-sulfur subunit","0.0098","0.0044","Bordetella bronchiseptica S798"
"bbx","BBS798_1843","K19611","fepA, pfeA, iroN, pirA","ferric enterobactin receptor","0.0000 ","0.0007","Bordetella bronchiseptica S798"
"bbx","BBS798_1845","K00325","pntB","NAD(P) transhydrogenase subunit beta","0.4010","0.3698","Bordetella bronchiseptica S798"
"bbx","BBS798_1846","K00324","pntA","NAD(P) transhydrogenase subunit alpha","0.4010","0.3698","Bordetella bronchiseptica S798"
"bbx","BBS798_1847","K00324","pntA","NAD(P) transhydrogenase subunit alpha","0.4010","0.3698","Bordetella bronchiseptica S798"
"bbx","BBS798_1851","K00566","mnmA, trmU","tRNA-uridine 2-sulfurtransferase","0.5166","0.3627","Bordetella bronchiseptica S798"
"bbx","BBS798_1853","K00799","GST, gst","glutathione S-transferase","0.0402","0.0384","Bordetella bronchiseptica S798"
"bbx","BBS798_1854","K01756","purB, ADSL","adenylosuccinate lyase","0.2660","0.2990","Bordetella bronchiseptica S798"
"bbx","BBS798_1860","K08281","pncA","nicotinamidase/pyrazinamidase","0.0000 ","0.1532","Bordetella bronchiseptica S798"
"bbx","BBS798_1870","K06131","clsA_B","cardiolipin synthase A/B","0.0144","0.0916","Bordetella bronchiseptica S798"
"bbx","BBS798_1876","K12573","rnr, vacB","ribonuclease R","0.0090","0.0479","Bordetella bronchiseptica S798"
"bbx","BBS798_1878","K01740","metY","O-acetylhomoserine (thiol)-lyase","0.1142","0.0577","Bordetella bronchiseptica S798"
"bbx","BBS798_1887","K01940","argG, ASS1","argininosuccinate synthase","0.0584","0.1341","Bordetella bronchiseptica S798"
"bbx","BBS798_1888","K00611","OTC, argF, argI","ornithine carbamoyltransferase","0.0206","0.0571","Bordetella bronchiseptica S798"
"bbx","BBS798_1889","K00821","argD","acetylornithine/N-succinyldiaminopimelate aminotransferase","0.2629","0.0658","Bordetella bronchiseptica S798"
"bbx","BBS798_1899","K22186","N/A","","N/A","N/A","Bordetella bronchiseptica S798"
"bbx","BBS798_1901","K01630","garL","2-dehydro-3-deoxyglucarate aldolase","0.0000 ","0.0000 ","Bordetella bronchiseptica S798"
"bbx","BBS798_1902","K02968","RP-S20, rpsT","small subunit ribosomal protein S20","0.2265","0.4557","Bordetella bronchiseptica S798"
"bbx","BBS798_1906","K00939","adk, AK","adenylate kinase","0.8789","0.7609","Bordetella bronchiseptica S798"
"bbx","BBS798_1907","K00979","kdsB","3-deoxy-manno-octulosonate cytidylyltransferase (CMP-KDO synthetase)","0.4649","0.2620","Bordetella bronchiseptica S798"
"bbx","BBS798_1909","K00912","lpxK","tetraacyldisaccharide 4-kinase","0.4534","0.2386","Bordetella bronchiseptica S798"
"bbx","BBS798_1912","K03601","xseA","exodeoxyribonuclease VII large subunit","0.0000 ","0.0099","Bordetella bronchiseptica S798"
"bbx","BBS798_1915","K00632","fadA, fadI","acetyl-CoA acyltransferase","0.0067","0.0198","Bordetella bronchiseptica S798"
"bbx","BBS798_1920","K05367","pbpC","penicillin-binding protein 1C","0.0000 ","0.0175","Bordetella bronchiseptica S798"
"bbx","BBS798_1925","K13821","putA","RHH-type transcriptional regulator, proline utilization regulon repressor / proline dehydrogenase / delta 1-pyrroline-5-carboxylate dehydrogenase","0.0750","0.0820","Bordetella bronchiseptica S798"
"bbx","BBS798_1926","K01999","livK","branched-chain amino acid transport system substrate-binding protein","0.0000 ","0.0005","Bordetella bronchiseptica S798"
"bbx","BBS798_1927","K01997","livH","branched-chain amino acid transport system permease protein","0.0000 ","0.0000 ","Bordetella bronchiseptica S798"
"bbx","BBS798_1928","K01998","livM","branched-chain amino acid transport system permease protein","0.0000 ","0.0000 ","Bordetella bronchiseptica S798"
"bbx","BBS798_1929","K01995","livG","branched-chain amino acid transport system ATP-binding protein","0.0000 ","0.0002","Bordetella bronchiseptica S798"
"bbx","BBS798_1930","K01996","livF","branched-chain amino acid transport system ATP-binding protein","0.0000 ","0.0002","Bordetella bronchiseptica S798"
"bbx","BBS798_1938","K02916","RP-L35, MRPL35, rpmI","large subunit ribosomal protein L35","0.3752","0.5158","Bordetella bronchiseptica S798"
"bbx","BBS798_1939","K02887","RP-L20, MRPL20, rplT","large subunit ribosomal protein L20","0.4873","0.5756","Bordetella bronchiseptica S798"
"bbx","BBS798_1940","K01889","FARSA, pheS","phenylalanyl-tRNA synthetase alpha chain","0.6601","0.5571","Bordetella bronchiseptica S798"
"bbx","BBS798_1941","K01890","FARSB, pheT","phenylalanyl-tRNA synthetase beta chain","0.7119","0.5803","Bordetella bronchiseptica S798"
"bbx","BBS798_1949","K17836","penP","beta-lactamase class A","0.0000 ","0.0000 ","Bordetella bronchiseptica S798"
"bbx","BBS798_1960","K00609","pyrB, PYR2","aspartate carbamoyltransferase catalytic subunit","0.0526","0.2378","Bordetella bronchiseptica S798"
"bbx","BBS798_1968","K00059","fabG","3-oxoacyl-[acyl-carrier protein] reductase","0.7026","0.4376","Bordetella bronchiseptica S798"
"bbx","BBS798_1969","K02012","afuA, fbpA","iron(III) transport system substrate-binding protein","0.0080","0.0073","Bordetella bronchiseptica S798"
"bbx","BBS798_1973","K07649","tctE","two-component system, OmpR family, sensor histidine kinase TctE","0.0000 ","0.0013","Bordetella bronchiseptica S798"
"bbx","BBS798_1975","K03553","recA","recombination protein RecA","0.0156","0.0636","Bordetella bronchiseptica S798"
"bbx","BBS798_1978","K00549","metE","5-methyltetrahydropteroyltriglutamate--homocysteine methyltransferase","0.0429","0.1899","Bordetella bronchiseptica S798"
"bbx","BBS798_1980","K01903","sucC","succinyl-CoA synthetase beta subunit","0.0322","0.0831","Bordetella bronchiseptica S798"
"bbx","BBS798_1981","K01902","sucD","succinyl-CoA synthetase alpha subunit","0.0631","0.0742","Bordetella bronchiseptica S798"
"bbx","BBS798_1984","K01749","hemC, HMBS","hydroxymethylbilane synthase","0.4471","0.2333","Bordetella bronchiseptica S798"
"bbx","BBS798_1985","K01719","hemD, UROS","uroporphyrinogen-III synthase","0.3727","0.2247","Bordetella bronchiseptica S798"
"bbx","BBS798_1986","K02496","hemX","uroporphyrin-III C-methyltransferase","0.0221","0.0383","Bordetella bronchiseptica S798"
"bbx","BBS798_1988","K01507","ppa","inorganic pyrophosphatase","0.3722","0.1858","Bordetella bronchiseptica S798"
"bbx","BBS798_1989","K16165","nagK","fumarylpyruvate hydrolase","0.0000 ","0.0000 ","Bordetella bronchiseptica S798"
"bbx","BBS798_2001","K02204","thrB2","homoserine kinase type II","0.1369","0.0862","Bordetella bronchiseptica S798"
"bbx","BBS798_2010","K01736","aroC","chorismate synthase","0.1496","0.1733","Bordetella bronchiseptica S798"
"bbx","BBS798_2013","K03750","moeA","molybdopterin molybdotransferase","0.0051","0.1550","Bordetella bronchiseptica S798"
"bbx","BBS798_2014","K03752","mobA","molybdenum cofactor guanylyltransferase","0.0000 ","0.0063","Bordetella bronchiseptica S798"
"bbx","BBS798_2020","K00123","fdoG, fdfH","formate dehydrogenase major subunit","0.0000 ","0.0001","Bordetella bronchiseptica S798"
"bbx","BBS798_2021","K00124","fdoH","formate dehydrogenase iron-sulfur subunit","0.0000 ","0.0004","Bordetella bronchiseptica S798"
"bbx","BBS798_2023","K00127","fdoI","formate dehydrogenase subunit gamma","0.0000 ","0.0000 ","Bordetella bronchiseptica S798"
"bbx","BBS798_2026","K05773","tupB, vupB","tungstate transport system permease protein","0.0000 ","0.0053","Bordetella bronchiseptica S798"
"bbx","BBS798_2027","K06857","tupC, vupC","tungstate transport system ATP-binding protein","0.0000 ","0.0143","Bordetella bronchiseptica S798"
"bbx","BBS798_2028","K05772","tupA, vupA","tungstate transport system substrate-binding protein","0.0060","0.0062","Bordetella bronchiseptica S798"
"bbx","BBS798_2029","K01703","leuC, IPMI-L","3-isopropylmalate/(R)-2-methylmalate dehydratase large subunit","0.0463","0.0763","Bordetella bronchiseptica S798"
"bbx","BBS798_2030","K01704","leuD, IPMI-S","3-isopropylmalate/(R)-2-methylmalate dehydratase small subunit","0.0482","0.0748","Bordetella bronchiseptica S798"
"bbx","BBS798_2031","K00052","leuB, IMDH","3-isopropylmalate dehydrogenase","0.0322","0.0634","Bordetella bronchiseptica S798"
"bbx","BBS798_2032","K00133","asd","aspartate-semialdehyde dehydrogenase","0.4295","0.3677","Bordetella bronchiseptica S798"
"bbx","BBS798_2038","K01817","trpF","phosphoribosylanthranilate isomerase","0.0472","0.0773","Bordetella bronchiseptica S798"
"bbx","BBS798_2049","K01868","TARS, thrS","threonyl-tRNA synthetase","0.6103","0.5347","Bordetella bronchiseptica S798"
"bbx","BBS798_2051","K01920","gshB","glutathione synthase","0.0144","0.0293","Bordetella bronchiseptica S798"
"bbx","BBS798_2052","K02821","PTS-Ula-EIIA, ulaC, sgaA","PTS system, ascorbate-specific IIA component","0.0022","0.0063","Bordetella bronchiseptica S798"
"bbx","BBS798_2054","K08483","PTS-EI.PTSI, ptsI","phosphotransferase system, enzyme I, PtsI","0.0137","0.0186","Bordetella bronchiseptica S798"
"bbx","BBS798_2058","K01999","livK","branched-chain amino acid transport system substrate-binding protein","0.0000 ","0.0005","Bordetella bronchiseptica S798"
"bbx","BBS798_2063","K01520","dut, DUT","dUTP pyrophosphatase","0.3727","0.3207","Bordetella bronchiseptica S798"
"bbx","BBS798_2069","K13038","coaBC, dfp","phosphopantothenoylcysteine decarboxylase / phosphopantothenate--cysteine ligase","0.4153","0.3095","Bordetella bronchiseptica S798"
"bbx","BBS798_2070","K03101","lspA","signal peptidase II","0.2338","0.2223","Bordetella bronchiseptica S798"
"bbx","BBS798_2071","K01870","IARS, ileS","isoleucyl-tRNA synthetase","0.7341","0.5753","Bordetella bronchiseptica S798"
"bbx","BBS798_2072","K11753","ribF","riboflavin kinase / FMN adenylyltransferase","0.6293","0.5031","Bordetella bronchiseptica S798"
"bbx","BBS798_2073","K11175","purN","phosphoribosylglycinamide formyltransferase 1","0.3479","0.4101","Bordetella bronchiseptica S798"
"bbx","BBS798_2076","K00507","SCD, desC","stearoyl-CoA desaturase (Delta-9 desaturase)","0.0141","0.0094","Bordetella bronchiseptica S798"
"bbx","BBS798_2077","K03657","uvrD, pcrA","DNA helicase II / ATP-dependent DNA helicase PcrA","0.0351","0.0917","Bordetella bronchiseptica S798"
"bbx","BBS798_2081","K01439","dapE","succinyl-diaminopimelate desuccinylase","0.3579","0.1038","Bordetella bronchiseptica S798"
"bbx","BBS798_2082","K00674","dapD","2,3,4,5-tetrahydropyridine-2-carboxylate N-succinyltransferase","0.3434","0.1480","Bordetella bronchiseptica S798"
"bbx","BBS798_2083","K14267","dapC","N-succinyldiaminopimelate aminotransferase","0.3392","0.1087","Bordetella bronchiseptica S798"
"bbx","BBS798_2103","K00059","fabG","3-oxoacyl-[acyl-carrier protein] reductase","0.7026","0.4376","Bordetella bronchiseptica S798"
"bbx","BBS798_2106","K01031","pcaI","3-oxoadipate CoA-transferase, alpha subunit","0.0051","0.0012","Bordetella bronchiseptica S798"
"bbx","BBS798_2107","K01032","pcaJ","3-oxoadipate CoA-transferase, beta subunit","0.0051","0.0012","Bordetella bronchiseptica S798"
"bbx","BBS798_2111","K00832","tyrB","aromatic-amino-acid transaminase","0.1446","0.1315","Bordetella bronchiseptica S798"
"bbx","BBS798_2112","K03702","uvrB","excinuclease ABC subunit B","0.0041","0.0270","Bordetella bronchiseptica S798"
"bbx","BBS798_2115","K04487","iscS, NFS1","cysteine desulfurase","0.4010","0.3030","Bordetella bronchiseptica S798"
"bbx","BBS798_2123","K15866","paaG","2-(1,2-epoxy-1,2-dihydrophenyl)acetyl-CoA isomerase","0.0000 ","0.0013","Bordetella bronchiseptica S798"
"bbx","BBS798_2124","K01995","livG","branched-chain amino acid transport system ATP-binding protein","0.0000 ","0.0002","Bordetella bronchiseptica S798"
"bbx","BBS798_2125","K01997","livH","branched-chain amino acid transport system permease protein","0.0000 ","0.0000 ","Bordetella bronchiseptica S798"
"bbx","BBS798_2126","K01998","livM","branched-chain amino acid transport system permease protein","0.0000 ","0.0000 ","Bordetella bronchiseptica S798"
"bbx","BBS798_2127","K01999","livK","branched-chain amino acid transport system substrate-binding protein","0.0000 ","0.0005","Bordetella bronchiseptica S798"
"bbx","BBS798_2128","K01996","livF","branched-chain amino acid transport system ATP-binding protein","0.0000 ","0.0002","Bordetella bronchiseptica S798"
"bbx","BBS798_2129","K01897","ACSL, fadD","long-chain acyl-CoA synthetase","0.0000 ","0.0000 ","Bordetella bronchiseptica S798"
"bbx","BBS798_2132","K04567","KARS, lysS","lysyl-tRNA synthetase, class II","0.4899","0.4350","Bordetella bronchiseptica S798"
"bbx","BBS798_2135","K07462","recJ","single-stranded-DNA-specific exonuclease","0.0042","0.0324","Bordetella bronchiseptica S798"
"bbx","BBS798_2137","K09808","lolC_E","lipoprotein-releasing system permease protein","0.4739","0.1800","Bordetella bronchiseptica S798"
"bbx","BBS798_2138","K09810","lolD","lipoprotein-releasing system ATP-binding protein","0.3618","0.0231","Bordetella bronchiseptica S798"
"bbx","BBS798_2150","K01952","purL, PFAS","phosphoribosylformylglycinamidine synthase","0.0386","0.0838","Bordetella bronchiseptica S798"
"bbx","BBS798_2151","K15125","fhaB","filamentous hemagglutinin","0.0000 ","0.0015","Bordetella bronchiseptica S798"
"bbx","BBS798_2165","K00088","IMPDH, guaB","IMP dehydrogenase","0.3003","0.3932","Bordetella bronchiseptica S798"
"bbx","BBS798_2166","K01951","guaA, GMPS","GMP synthase (glutamine-hydrolysing)","0.4583","0.4623","Bordetella bronchiseptica S798"
"bbx","BBS798_2189","K00135","gabD","succinate-semialdehyde dehydrogenase / glutarate-semialdehyde dehydrogenase","0.0245","0.0296","Bordetella bronchiseptica S798"
"bbx","BBS798_2201","K02035","ABC.PE.S","peptide/nickel transport system substrate-binding protein","0.0016","0.0015","Bordetella bronchiseptica S798"
"bbx","BBS798_2202","K02033","ABC.PE.P","peptide/nickel transport system permease protein","0.0016","0.0026","Bordetella bronchiseptica S798"
"bbx","BBS798_2203","K02034","ABC.PE.P1","peptide/nickel transport system permease protein","0.0075","0.0026","Bordetella bronchiseptica S798"
"bbx","BBS798_2204","K02031","ABC.PE.A","peptide/nickel transport system ATP-binding protein","0.0000 ","0.0004","Bordetella bronchiseptica S798"
"bbx","BBS798_2214","K13609","dpkA, lhpD","delta1-piperideine-2-carboxylate reductase","0.0000 ","0.0002","Bordetella bronchiseptica S798"
"bbx","BBS798_2216","K00286","proC","pyrroline-5-carboxylate reductase","0.0526","0.0624","Bordetella bronchiseptica S798"
"bbx","BBS798_2228","K00138","aldB","aldehyde dehydrogenase","0.0016","0.0092","Bordetella bronchiseptica S798"
"bbx","BBS798_2261","K01626","E2.5.1.54, aroF, aroG, aroH","3-deoxy-7-phosphoheptulonate synthase","0.0606","0.0964","Bordetella bronchiseptica S798"
"bbx","BBS798_2263","K00383","GSR, gor","glutathione reductase (NADPH)","0.0125","0.1203","Bordetella bronchiseptica S798"
"bbx","BBS798_2271","K06016","pydC","beta-ureidopropionase / N-carbamoyl-L-amino-acid hydrolase","0.0044","0.1559","Bordetella bronchiseptica S798"
"bbx","BBS798_2273","K01596","E4.1.1.32, pckA, PCK","phosphoenolpyruvate carboxykinase (GTP)","0.1577","0.0802","Bordetella bronchiseptica S798"
"bbx","BBS798_2277","K00074","paaH, hbd, fadB, mmgB","3-hydroxybutyryl-CoA dehydrogenase","0.0021","0.0057","Bordetella bronchiseptica S798"
"bbx","BBS798_2285","K01687","ilvD","dihydroxy-acid dehydratase","0.0429","0.0806","Bordetella bronchiseptica S798"
"bbx","BBS798_2288","K01687","ilvD","dihydroxy-acid dehydratase","0.0429","0.0806","Bordetella bronchiseptica S798"
"bbx","BBS798_2290","K00108","betA, CHDH","choline dehydrogenase","0.0000 ","0.0107","Bordetella bronchiseptica S798"
"bbx","BBS798_2297","K00059","fabG","3-oxoacyl-[acyl-carrier protein] reductase","0.7026","0.4376","Bordetella bronchiseptica S798"
"bbx","BBS798_2324","K01426","E3.5.1.4, amiE","amidase","0.0000 ","0.0465","Bordetella bronchiseptica S798"
"bbx","BBS798_2327","K01142","E3.1.11.2, xthA","exodeoxyribonuclease III","0.0010","0.0110","Bordetella bronchiseptica S798"
"bbx","BBS798_2332","K10010","ABC.CYST.A","cystine transport system ATP-binding protein","0.0000 ","0.0053","Bordetella bronchiseptica S798"
"bbx","BBS798_2333","K10009","ABC.CYST.P","cystine transport system permease protein","0.0020","0.0059","Bordetella bronchiseptica S798"
"bbx","BBS798_2334","K02424","fliY","cystine transport system substrate-binding protein","0.0000 ","0.0060","Bordetella bronchiseptica S798"
"bbx","BBS798_2338","K01755","argH, ASL","argininosuccinate lyase","0.1192","0.1646","Bordetella bronchiseptica S798"
"bbx","BBS798_2340","K01950","E6.3.5.1, NADSYN1, QNS1, nadE","NAD+ synthase (glutamine-hydrolysing)","0.7134","0.4521","Bordetella bronchiseptica S798"
"bbx","BBS798_2341","K04751","glnB","nitrogen regulatory protein P-II 1","0.0152","0.0102","Bordetella bronchiseptica S798"
"bbx","BBS798_2347","K00681","ggt","gamma-glutamyltranspeptidase / glutathione hydrolase","0.0013","0.0125","Bordetella bronchiseptica S798"
"bbx","BBS798_2348","K02035","ABC.PE.S","peptide/nickel transport system substrate-binding protein","0.0016","0.0015","Bordetella bronchiseptica S798"
"bbx","BBS798_2349","K02033","ABC.PE.P","peptide/nickel transport system permease protein","0.0016","0.0026","Bordetella bronchiseptica S798"
"bbx","BBS798_2350","K02034","ABC.PE.P1","peptide/nickel transport system permease protein","0.0075","0.0026","Bordetella bronchiseptica S798"
"bbx","BBS798_2351","K02031","ABC.PE.A","peptide/nickel transport system ATP-binding protein","0.0000 ","0.0004","Bordetella bronchiseptica S798"
"bbx","BBS798_2355","K03181","ubiC","chorismate--pyruvate lyase","0.0342","0.0632","Bordetella bronchiseptica S798"
"bbx","BBS798_2358","K03585","acrA, mexA, adeI, smeD, mtrC, cmeA","membrane fusion protein, multidrug efflux system","0.0015","0.0094","Bordetella bronchiseptica S798"
"bbx","BBS798_2359","K18138","acrB, mexB, adeJ, smeE, mtrD, cmeB","multidrug efflux pump","0.0058","0.0098","Bordetella bronchiseptica S798"
"bbx","BBS798_2360","K18139","oprM, emhC, ttgC, cusC, adeK, smeF, mtrE, cmeC, gesC","outer membrane protein, multidrug efflux system","0.0000 ","3.47E-","Bordetella bronchiseptica S798"
"bbx","BBS798_2364","K01491","folD","methylenetetrahydrofolate dehydrogenase (NADP+) / methenyltetrahydrofolate cyclohydrolase","0.4306","0.4659","Bordetella bronchiseptica S798"
"bbx","BBS798_2367","K00163","aceE","pyruvate dehydrogenase E1 component","0.0071","0.0586","Bordetella bronchiseptica S798"
"bbx","BBS798_2368","K00627","DLAT, aceF, pdhC","pyruvate dehydrogenase E2 component (dihydrolipoamide acetyltransferase)","0.0899","0.1582","Bordetella bronchiseptica S798"
"bbx","BBS798_2369","K00382","DLD, lpd, pdhD","dihydrolipoamide dehydrogenase","0.5030","0.4139","Bordetella bronchiseptica S798"
"bbx","BBS798_2370","K02406","fliC","flagellin","0.0016","0.0097","Bordetella bronchiseptica S798"
"bbx","BBS798_2371","K02405","fliA","RNA polymerase sigma factor for flagellar operon FliA","0.0000 ","0.0062","Bordetella bronchiseptica S798"
"bbx","BBS798_2372","K02403","flhD","flagellar transcriptional activator FlhD","0.0000 ","0.0203","Bordetella bronchiseptica S798"
"bbx","BBS798_2373","K02402","flhC","flagellar transcriptional activator FlhC","0.0000 ","0.0203","Bordetella bronchiseptica S798"
"bbx","BBS798_2374","K02556","motA","chemotaxis protein MotA","0.0000 ","0.0000 ","Bordetella bronchiseptica S798"
"bbx","BBS798_2375","K02557","motB","chemotaxis protein MotB","0.0016","0.0085","Bordetella bronchiseptica S798"
"bbx","BBS798_2376","K03413","cheY","two-component system, chemotaxis family, response regulator CheY","0.0000 ","0.0036","Bordetella bronchiseptica S798"
"bbx","BBS798_2377","K03407","cheA","two-component system, chemotaxis family, sensor kinase CheA","0.0016","0.0078","Bordetella bronchiseptica S798"
"bbx","BBS798_2378","K03408","cheW","purine-binding chemotaxis protein CheW","0.0270","0.0084","Bordetella bronchiseptica S798"
"bbx","BBS798_2379","K05874","tsr","methyl-accepting chemotaxis protein I, serine sensor receptor","0.0060","0.0042","Bordetella bronchiseptica S798"
"bbx","BBS798_2380","K00575","cheR","chemotaxis protein methyltransferase CheR","0.0000 ","0.0032","Bordetella bronchiseptica S798"
"bbx","BBS798_2381","K03412","cheB","two-component system, chemotaxis family, response regulator CheB","0.0000 ","0.0034","Bordetella bronchiseptica S798"
"bbx","BBS798_2382","K03413","cheY","two-component system, chemotaxis family, response regulator CheY","0.0000 ","0.0036","Bordetella bronchiseptica S798"
"bbx","BBS798_2383","K03414","cheZ","chemotaxis protein CheZ","0.0000 ","0.0000 ","Bordetella bronchiseptica S798"
"bbx","BBS798_2384","K02401","flhB","flagellar biosynthetic protein FlhB","0.0000 ","0.0007","Bordetella bronchiseptica S798"
"bbx","BBS798_2385","K02400","flhA","flagellar biosynthesis protein FlhA","0.0000 ","0.0007","Bordetella bronchiseptica S798"
"bbx","BBS798_2387","K02399","flgN","flagella synthesis protein FlgN","0.0000 ","0.0007","Bordetella bronchiseptica S798"
"bbx","BBS798_2388","K02398","flgM","negative regulator of flagellin synthesis FlgM","0.0000 ","0.0000 ","Bordetella bronchiseptica S798"
"bbx","BBS798_2389","K02386","flgA","flagella basal body P-ring formation protein FlgA","0.0018","0.0048","Bordetella bronchiseptica S798"
"bbx","BBS798_2390","K02387","flgB","flagellar basal-body rod protein FlgB","0.0000 ","0.0007","Bordetella bronchiseptica S798"
"bbx","BBS798_2391","K02388","flgC","flagellar basal-body rod protein FlgC","0.0000 ","0.0007","Bordetella bronchiseptica S798"
"bbx","BBS798_2392","K02389","flgD","flagellar basal-body rod modification protein FlgD","0.0000 ","0.0007","Bordetella bronchiseptica S798"
"bbx","BBS798_2393","K02390","flgE","flagellar hook protein FlgE","0.0000 ","0.0007","Bordetella bronchiseptica S798"
"bbx","BBS798_2394","K02391","flgF","flagellar basal-body rod protein FlgF","0.0000 ","0.0007","Bordetella bronchiseptica S798"
"bbx","BBS798_2395","K02392","flgG","flagellar basal-body rod protein FlgG","0.0000 ","0.0007","Bordetella bronchiseptica S798"
"bbx","BBS798_2396","K02393","flgH","flagellar L-ring protein precursor FlgH","0.0000 ","0.0007","Bordetella bronchiseptica S798"
"bbx","BBS798_2397","K02394","flgI","flagellar P-ring protein precursor FlgI","0.0000 ","0.0007","Bordetella bronchiseptica S798"
"bbx","BBS798_2399","K02396","flgK","flagellar hook-associated protein 1 FlgK","0.0000 ","0.0007","Bordetella bronchiseptica S798"
"bbx","BBS798_2400","K02397","flgL","flagellar hook-associated protein 3 FlgL","0.0016","0.0053","Bordetella bronchiseptica S798"
"bbx","BBS798_2401","K05874","tsr","methyl-accepting chemotaxis protein I, serine sensor receptor","0.0060","0.0042","Bordetella bronchiseptica S798"
"bbx","BBS798_2405","K03776","aer","aerotaxis receptor","0.0031","0.0055","Bordetella bronchiseptica S798"
"bbx","BBS798_2406","K02421","fliR","flagellar biosynthetic protein FliR","0.0000 ","0.0013","Bordetella bronchiseptica S798"
"bbx","BBS798_2407","K02420","fliQ","flagellar biosynthetic protein FliQ","0.0000 ","0.0013","Bordetella bronchiseptica S798"
"bbx","BBS798_2408","K02419","fliP","flagellar biosynthetic protein FliP","0.0000 ","0.0007","Bordetella bronchiseptica S798"
"bbx","BBS798_2409","K02418","fliOZ, fliO","flagellar protein FliO/FliZ","0.0021","0.0042","Bordetella bronchiseptica S798"
"bbx","BBS798_2410","K02417","fliNY, fliN","flagellar motor switch protein FliN/FliY","0.0067","0.0087","Bordetella bronchiseptica S798"
"bbx","BBS798_2411","K02416","fliM","flagellar motor switch protein FliM","0.0000 ","0.0039","Bordetella bronchiseptica S798"
"bbx","BBS798_2413","K02414","fliK","flagellar hook-length control protein FliK","0.0000 ","0.0007","Bordetella bronchiseptica S798"
"bbx","BBS798_2414","K02413","fliJ","flagellar FliJ protein","0.0024","0.0037","Bordetella bronchiseptica S798"
"bbx","BBS798_2415","K02412","fliI","flagellum-specific ATP synthase","0.0000 ","0.0007","Bordetella bronchiseptica S798"
"bbx","BBS798_2416","K02411","fliH","flagellar assembly protein FliH","0.0000 ","0.0007","Bordetella bronchiseptica S798"
"bbx","BBS798_2417","K02410","fliG","flagellar motor switch protein FliG","0.0000 ","0.0039","Bordetella bronchiseptica S798"
"bbx","BBS798_2418","K02409","fliF","flagellar M-ring protein FliF","0.0000 ","0.0013","Bordetella bronchiseptica S798"
"bbx","BBS798_2419","K02408","fliE","flagellar hook-basal body complex protein FliE","0.0016","0.0053","Bordetella bronchiseptica S798"
"bbx","BBS798_2423","K02423","fliT","flagellar protein FliT","0.0000 ","0.0210","Bordetella bronchiseptica S798"
"bbx","BBS798_2424","K02422","fliS","flagellar protein FliS","0.0000 ","0.0007","Bordetella bronchiseptica S798"
"bbx","BBS798_2425","K02407","fliD","flagellar hook-associated protein 2","0.0000 ","0.0007","Bordetella bronchiseptica S798"
"bbx","BBS798_2427","K11754","folC","dihydrofolate synthase / folylpolyglutamate synthase","0.5987","0.4070","Bordetella bronchiseptica S798"
"bbx","BBS798_2430","K00764","purF, PPAT","amidophosphoribosyltransferase","0.0184","0.1521","Bordetella bronchiseptica S798"
"bbx","BBS798_2433","K00990","glnD","[protein-PII] uridylyltransferase","0.0000 ","0.0007","Bordetella bronchiseptica S798"
"bbx","BBS798_2435","K02967","RP-S2, MRPS2, rpsB","small subunit ribosomal protein S2","0.4440","0.5564","Bordetella bronchiseptica S798"
"bbx","BBS798_2437","K09903","pyrH","uridylate kinase","0.8789","0.5971","Bordetella bronchiseptica S798"
"bbx","BBS798_2439","K00806","uppS","undecaprenyl diphosphate synthase","0.6186","0.2407","Bordetella bronchiseptica S798"
"bbx","BBS798_2440","K00981","E2.7.7.41, CDS1, CDS2, cdsA","phosphatidate cytidylyltransferase","0.8212","0.9472","Bordetella bronchiseptica S798"
"bbx","BBS798_2441","K00099","dxr","1-deoxy-D-xylulose-5-phosphate reductoisomerase","0.5774","0.3985","Bordetella bronchiseptica S798"
"bbx","BBS798_2442","K11749","rseP","regulator of sigma E protease","0.0563","0.0923","Bordetella bronchiseptica S798"
"bbx","BBS798_2445","K02536","lpxD","UDP-3-O-[3-hydroxymyristoyl] glucosamine N-acyltransferase","0.5366","0.2754","Bordetella bronchiseptica S798"
"bbx","BBS798_2446","K02372","fabZ","3-hydroxyacyl-[acyl-carrier-protein] dehydratase","0.5987","0.6766","Bordetella bronchiseptica S798"
"bbx","BBS798_2447","K00677","lpxA","UDP-N-acetylglucosamine acyltransferase","0.4842","0.3084","Bordetella bronchiseptica S798"
"bbx","BBS798_2448","K00748","lpxB","lipid-A-disaccharide synthase","0.4346","0.2421","Bordetella bronchiseptica S798"
"bbx","BBS798_2449","K03470","rnhB","ribonuclease HII","0.0093","0.1015","Bordetella bronchiseptica S798"
"bbx","BBS798_2452","K01007","pps, ppsA","pyruvate, water dikinase","0.4013","0.4084","Bordetella bronchiseptica S798"
"bbx","BBS798_2453","K01951","guaA, GMPS","GMP synthase (glutamine-hydrolysing)","0.4583","0.4623","Bordetella bronchiseptica S798"
"bbx","BBS798_2462","K00020","mmsB, HIBADH","3-hydroxyisobutyrate dehydrogenase","0.0000 ","0.0024","Bordetella bronchiseptica S798"
"bbx","BBS798_2467","K00943","tmk, DTYMK","dTMP kinase","0.7026","0.4891","Bordetella bronchiseptica S798"
"bbx","BBS798_2468","K02341","DPO3D2, holB","DNA polymerase III subunit delta","0.9384","0.9971","Bordetella bronchiseptica S798"
"bbx","BBS798_2475","K01479","hutG","formiminoglutamase","0.0000 ","0.0021","Bordetella bronchiseptica S798"
"bbx","BBS798_2476","K00261","GLUD1_2, gdhA","glutamate dehydrogenase (NAD(P)+)","0.3500","0.2061","Bordetella bronchiseptica S798"
"bbx","BBS798_2477","K09472","puuC, aldH","gamma-glutamyl-gamma-aminobutyraldehyde dehydrogenase","0.0000 ","0.0078","Bordetella bronchiseptica S798"
"bbx","BBS798_2478","K06016","pydC","beta-ureidopropionase / N-carbamoyl-L-amino-acid hydrolase","0.0044","0.1559","Bordetella bronchiseptica S798"
"bbx","BBS798_2479","K01652","E2.2.1.6L, ilvB, ilvG, ilvI","acetolactate synthase I/II/III large subunit","0.0184","0.0311","Bordetella bronchiseptica S798"
"bbx","BBS798_2480","K01644","citE","citrate lyase subunit beta / citryl-CoA lyase","0.0085","0.0032","Bordetella bronchiseptica S798"
"bbx","BBS798_2488","K01580","E4.1.1.15, gadB, gadA, GAD","glutamate decarboxylase","0.2139","0.1009","Bordetella bronchiseptica S798"
"bbx","BBS798_2504","K00020","mmsB, HIBADH","3-hydroxyisobutyrate dehydrogenase","0.0000 ","0.0024","Bordetella bronchiseptica S798"
"bbx","BBS798_2520","K01961","accC","acetyl-CoA carboxylase, biotin carboxylase subunit","0.6943","0.5149","Bordetella bronchiseptica S798"
"bbx","BBS798_2525","K03418","E3.5.1.56","N,N-dimethylformamidase","0.0000 ","0.0226","Bordetella bronchiseptica S798"
"bbx","BBS798_2527","K02053","ABC.SP.P","putative spermidine/putrescine transport system permease protein","0.0000 ","0.0022","Bordetella bronchiseptica S798"
"bbx","BBS798_2528","K02054","ABC.SP.P1","putative spermidine/putrescine transport system permease protein","0.0000 ","0.0026","Bordetella bronchiseptica S798"
"bbx","BBS798_2529","K02055","ABC.SP.S","putative spermidine/putrescine transport system substrate-binding protein","0.0116","0.0040","Bordetella bronchiseptica S798"
"bbx","BBS798_2533","K01061","E3.1.1.45","carboxymethylenebutenolidase","0.0000 ","0.0000 ","Bordetella bronchiseptica S798"
"bbx","BBS798_2538","K01480","speB","agmatinase","0.0031","0.0043","Bordetella bronchiseptica S798"
"bbx","BBS798_2543","K10439","rbsB","ribose transport system substrate-binding protein","0.0020","0.0020","Bordetella bronchiseptica S798"
"bbx","BBS798_2544","K10440","rbsC","ribose transport system permease protein","0.0000 ","0.0053","Bordetella bronchiseptica S798"
"bbx","BBS798_2545","K10441","rbsA","ribose transport system ATP-binding protein","0.0000 ","0.0057","Bordetella bronchiseptica S798"
"bbx","BBS798_2566","K01130","E3.1.6.1, aslA","arylsulfatase","0.0000 ","0.0000 ","Bordetella bronchiseptica S798"
"bbx","BBS798_2574","K00799","GST, gst","glutathione S-transferase","0.0402","0.0384","Bordetella bronchiseptica S798"
"bbx","BBS798_2577","K01130","E3.1.6.1, aslA","arylsulfatase","0.0000 ","0.0000 ","Bordetella bronchiseptica S798"
"bbx","BBS798_2585","K01999","livK","branched-chain amino acid transport system substrate-binding protein","0.0000 ","0.0005","Bordetella bronchiseptica S798"
"bbx","BBS798_2586","K01997","livH","branched-chain amino acid transport system permease protein","0.0000 ","0.0000 ","Bordetella bronchiseptica S798"
"bbx","BBS798_2587","K01998","livM","branched-chain amino acid transport system permease protein","0.0000 ","0.0000 ","Bordetella bronchiseptica S798"
"bbx","BBS798_2588","K01995","livG","branched-chain amino acid transport system ATP-binding protein","0.0000 ","0.0002","Bordetella bronchiseptica S798"
"bbx","BBS798_2589","K01996","livF","branched-chain amino acid transport system ATP-binding protein","0.0000 ","0.0002","Bordetella bronchiseptica S798"
"bbx","BBS798_2603","K07516","fadN","3-hydroxyacyl-CoA dehydrogenase","0.0029","0.0088","Bordetella bronchiseptica S798"
"bbx","BBS798_2604","K00626","E2.3.1.9, atoB","acetyl-CoA C-acetyltransferase","0.0206","0.0393","Bordetella bronchiseptica S798"
"bbx","BBS798_2607","K00285","dadA","D-amino-acid dehydrogenase","0.0000 ","0.0022","Bordetella bronchiseptica S798"
"bbx","BBS798_2608","K00480","E1.14.13.1","salicylate hydroxylase","0.0157","0.0354","Bordetella bronchiseptica S798"
"bbx","BBS798_2630","K02567","napA","periplasmic nitrate reductase NapA","0.0000 ","0.0035","Bordetella bronchiseptica S798"
"bbx","BBS798_2631","K02568","napB","cytochrome c-type protein NapB","0.0000 ","0.0033","Bordetella bronchiseptica S798"
"bbx","BBS798_2633","K02193","ccmA","heme exporter protein A","0.0206","0.0071","Bordetella bronchiseptica S798"
"bbx","BBS798_2634","K02194","ccmB","heme exporter protein B","0.0021","0.0090","Bordetella bronchiseptica S798"
"bbx","BBS798_2635","K02195","ccmC","heme exporter protein C","0.0085","0.0090","Bordetella bronchiseptica S798"
"bbx","BBS798_2644","K00077","panE, apbA","2-dehydropantoate 2-reductase","0.0526","0.2248","Bordetella bronchiseptica S798"
"bbx","BBS798_2647","K01703","leuC, IPMI-L","3-isopropylmalate/(R)-2-methylmalate dehydratase large subunit","0.0463","0.0763","Bordetella bronchiseptica S798"
"bbx","BBS798_2648","K01704","leuD, IPMI-S","3-isopropylmalate/(R)-2-methylmalate dehydratase small subunit","0.0482","0.0748","Bordetella bronchiseptica S798"
"bbx","BBS798_2652","K01647","CS, gltA","citrate synthase","0.2338","0.2171","Bordetella bronchiseptica S798"
"bbx","BBS798_2656","K01644","citE","citrate lyase subunit beta / citryl-CoA lyase","0.0085","0.0032","Bordetella bronchiseptica S798"
"bbx","BBS798_2665","K06131","clsA_B","cardiolipin synthase A/B","0.0144","0.0916","Bordetella bronchiseptica S798"
"bbx","BBS798_2674","K10979","ku","DNA end-binding protein Ku","0.0000 ","0.0000 ","Bordetella bronchiseptica S798"
"bbx","BBS798_2675","K01971","ligD","bifunctional non-homologous end joining protein LigD","0.0000 ","0.0000 ","Bordetella bronchiseptica S798"
"bbx","BBS798_2685","K00156","poxB","pyruvate dehydrogenase (quinone)","0.0000 ","0.0140","Bordetella bronchiseptica S798"
"bbx","BBS798_2688","K03092","SIG54, rpoN","RNA polymerase sigma-54 factor","0.0055","0.0160","Bordetella bronchiseptica S798"
"bbx","BBS798_2690","K00703","glgA","starch synthase","0.0067","0.0092","Bordetella bronchiseptica S798"
"bbx","BBS798_2691","K16147","glgE","starch synthase (maltosyl-transferring)","0.0051","0.0080","Bordetella bronchiseptica S798"
"bbx","BBS798_2692","K05343","treS","maltose alpha-D-glucosyltransferase / alpha-amylase","0.0206","0.0080","Bordetella bronchiseptica S798"
"bbx","BBS798_2693","K00700","GBE1, glgB","1,4-alpha-glucan branching enzyme","0.0137","0.0162","Bordetella bronchiseptica S798"
"bbx","BBS798_2694","K01214","ISA, treX","isoamylase","0.0106","0.0117","Bordetella bronchiseptica S798"
"bbx","BBS798_2695","K01236","treZ, glgZ","maltooligosyltrehalose trehalohydrolase","0.0317","0.0162","Bordetella bronchiseptica S798"
"bbx","BBS798_2696","K00705","malQ","4-alpha-glucanotransferase","0.0144","0.0200","Bordetella bronchiseptica S798"
"bbx","BBS798_2697","K06044","treY, glgY","(1->4)-alpha-D-glucan 1-alpha-D-glucosylmutase","0.0317","0.0116","Bordetella bronchiseptica S798"
"bbx","BBS798_2699","K00868","pdxK, pdxY","pyridoxine kinase","0.0579","0.0824","Bordetella bronchiseptica S798"
"bbx","BBS798_2716","K00432","gpx","glutathione peroxidase","0.0000 ","0.0000 ","Bordetella bronchiseptica S798"
"bbx","BBS798_2720","K03800","lplA, lplJ","lipoate---protein ligase","0.0170","0.1122","Bordetella bronchiseptica S798"
"bbx","BBS798_2723","K01613","psd, PISD","phosphatidylserine decarboxylase","0.2176","0.1484","Bordetella bronchiseptica S798"
"bbx","BBS798_2724","K00101","lldD","L-lactate dehydrogenase (cytochrome)","0.0017","0.0122","Bordetella bronchiseptica S798"
"bbx","BBS798_2725","K02073","metQ","D-methionine transport system substrate-binding protein","0.0000 ","0.0053","Bordetella bronchiseptica S798"
"bbx","BBS798_2732","K00799","GST, gst","glutathione S-transferase","0.0402","0.0384","Bordetella bronchiseptica S798"
"bbx","BBS798_2733","K01779","racD","aspartate racemase","0.0000 ","0.0000 ","Bordetella bronchiseptica S798"
"bbx","BBS798_2734","K01996","livF","branched-chain amino acid transport system ATP-binding protein","0.0000 ","0.0002","Bordetella bronchiseptica S798"
"bbx","BBS798_2735","K01995","livG","branched-chain amino acid transport system ATP-binding protein","0.0000 ","0.0002","Bordetella bronchiseptica S798"
"bbx","BBS798_2736","K01998","livM","branched-chain amino acid transport system permease protein","0.0000 ","0.0000 ","Bordetella bronchiseptica S798"
"bbx","BBS798_2737","K01997","livH","branched-chain amino acid transport system permease protein","0.0000 ","0.0000 ","Bordetella bronchiseptica S798"
"bbx","BBS798_2738","K01999","livK","branched-chain amino acid transport system substrate-binding protein","0.0000 ","0.0005","Bordetella bronchiseptica S798"
"bbx","BBS798_2740","K00286","proC","pyrroline-5-carboxylate reductase","0.0526","0.0624","Bordetella bronchiseptica S798"
"bbx","BBS798_2741","K05813","ugpB","sn-glycerol 3-phosphate transport system substrate-binding protein","0.0000 ","0.0053","Bordetella bronchiseptica S798"
"bbx","BBS798_2742","K05814","ugpA","sn-glycerol 3-phosphate transport system permease protein","0.0000 ","0.0056","Bordetella bronchiseptica S798"
"bbx","BBS798_2743","K05815","ugpE","sn-glycerol 3-phosphate transport system permease protein","0.0000 ","0.0053","Bordetella bronchiseptica S798"
"bbx","BBS798_2744","K05816","ugpC","sn-glycerol 3-phosphate transport system ATP-binding protein","0.0000 ","0.0057","Bordetella bronchiseptica S798"
"bbx","BBS798_2745","K01999","livK","branched-chain amino acid transport system substrate-binding protein","0.0000 ","0.0005","Bordetella bronchiseptica S798"
"bbx","BBS798_2753","K02473","E5.1.3.7, wbpP","UDP-N-acetylglucosamine 4-epimerase","0.0000 ","0.0375","Bordetella bronchiseptica S798"
"bbx","BBS798_2754","K02474","wbpO","UDP-N-acetyl-D-galactosamine dehydrogenase","0.0035","0.0181","Bordetella bronchiseptica S798"
"bbx","BBS798_2758","K10107","ABC-2.CPSE.P1","capsular polysaccharide transport system permease protein","0.0157","0.0092","Bordetella bronchiseptica S798"
"bbx","BBS798_2759","K09689","ABC-2.CPSE.A","capsular polysaccharide transport system ATP-binding protein","0.0179","0.0071","Bordetella bronchiseptica S798"
"bbx","BBS798_2760","K09688","ABC-2.CPSE.P","capsular polysaccharide transport system permease protein","0.0000 ","0.0060","Bordetella bronchiseptica S798"
"bbx","BBS798_2765","K00140","mmsA, iolA, ALDH6A1","malonate-semialdehyde dehydrogenase (acetylating) / methylmalonate-semialdehyde dehydrogenase","0.0000 ","0.0040","Bordetella bronchiseptica S798"
"bbx","BBS798_2768","K03655","recG","ATP-dependent DNA helicase RecG","0.0000 ","0.0283","Bordetella bronchiseptica S798"
"bbx","BBS798_2775","K02012","afuA, fbpA","iron(III) transport system substrate-binding protein","0.0080","0.0073","Bordetella bronchiseptica S798"
"bbx","BBS798_2776","K02011","afuB, fbpB","iron(III) transport system permease protein","0.0098","0.0095","Bordetella bronchiseptica S798"
"bbx","BBS798_2777","K02010","afuC, fbpC","iron(III) transport system ATP-binding protein","0.0026","0.0068","Bordetella bronchiseptica S798"
"bbx","BBS798_2781","K07712","glnG, ntrC","two-component system, NtrC family, nitrogen regulation response regulator GlnG","0.0000 ","0.0011","Bordetella bronchiseptica S798"
"bbx","BBS798_2782","K07708","glnL, ntrB","two-component system, NtrC family, nitrogen regulation sensor histidine kinase GlnL","0.0000 ","0.0007","Bordetella bronchiseptica S798"
"bbx","BBS798_2785","K02428","rdgB","XTP/dITP diphosphohydrolase","0.2749","0.2063","Bordetella bronchiseptica S798"
"bbx","BBS798_2787","K03406","mcp","methyl-accepting chemotaxis protein","0.0071","0.0042","Bordetella bronchiseptica S798"
"bbx","BBS798_2795","K01241","amn","AMP nucleosidase","0.0098","0.0553","Bordetella bronchiseptica S798"
"bbx","BBS798_2800","K00942","E2.7.4.8, gmk","guanylate kinase","0.8789","0.5063","Bordetella bronchiseptica S798"
"bbx","BBS798_2801","K03060","rpoZ","DNA-directed RNA polymerase subunit omega","0.7119","0.8249","Bordetella bronchiseptica S798"
"bbx","BBS798_2802","K01139","spoT","GTP diphosphokinase / guanosine-3,5-bis(diphosphate) 3-diphosphatase","0.0609","0.0641","Bordetella bronchiseptica S798"
"bbx","BBS798_2803","K10038","glnQ","glutamine transport system ATP-binding protein","0.0000 ","0.0053","Bordetella bronchiseptica S798"
"bbx","BBS798_2804","K10037","glnP","glutamine transport system permease protein","0.0000 ","0.0059","Bordetella bronchiseptica S798"
"bbx","BBS798_2805","K10036","glnH","glutamine transport system substrate-binding protein","0.0000 ","0.0060","Bordetella bronchiseptica S798"
"bbx","BBS798_2807","K01469","OPLAH, OXP1, oplAH","5-oxoprolinase (ATP-hydrolysing)","0.0000 ","0.0417","Bordetella bronchiseptica S798"
"bbx","BBS798_2817","K07326","fhaC","hemolysin activation/secretion protein","0.0000 ","0.0015","Bordetella bronchiseptica S798"
"bbx","BBS798_2818","K07347","fimD, fimC, mrkC, htrE, cssD","outer membrane usher protein","0.0116","0.0042","Bordetella bronchiseptica S798"
"bbx","BBS798_2819","K07347","fimD, fimC, mrkC, htrE, cssD","outer membrane usher protein","0.0116","0.0042","Bordetella bronchiseptica S798"
"bbx","BBS798_2821","K07345","fimA","major type 1 subunit fimbrin (pilin)","0.0031","0.0019","Bordetella bronchiseptica S798"
"bbx","BBS798_2822","K15125","fhaB","filamentous hemagglutinin","0.0000 ","0.0015","Bordetella bronchiseptica S798"
"bbx","BBS798_2823","K07690","evgA, bvgA","two-component system, NarL family, response regulator EvgA","0.0000 ","0.0003","Bordetella bronchiseptica S798"
"bbx","BBS798_2824","K07679","evgS, bvgS","two-component system, NarL family, sensor histidine kinase EvgS","0.0000 ","0.0203","Bordetella bronchiseptica S798"
"bbx","BBS798_2827","K02433","gatA, QRSL1","aspartyl-tRNA(Asn)/glutamyl-tRNA(Gln) amidotransferase subunit A","0.5916","0.2286","Bordetella bronchiseptica S798"
"bbx","BBS798_2836","K10804","tesA","acyl-CoA thioesterase I","0.0000 ","0.0033","Bordetella bronchiseptica S798"
"bbx","BBS798_2838","K01126","E3.1.4.46, glpQ, ugpQ","glycerophosphoryl diester phosphodiesterase","0.0000 ","0.0333","Bordetella bronchiseptica S798"
"bbx","BBS798_2840","K00382","DLD, lpd, pdhD","dihydrolipoamide dehydrogenase","0.5030","0.4139","Bordetella bronchiseptica S798"
"bbx","BBS798_2850","K03787","surE","5-nucleotidase","0.0584","0.0906","Bordetella bronchiseptica S798"
"bbx","BBS798_2851","K08591","plsY","glycerol-3-phosphate acyltransferase PlsY","0.6496","0.6200","Bordetella bronchiseptica S798"
"bbx","BBS798_2865","K13766","liuC","methylglutaconyl-CoA hydratase","0.0051","0.0034","Bordetella bronchiseptica S798"
"bbx","BBS798_2879","K00285","dadA","D-amino-acid dehydrogenase","0.0000 ","0.0022","Bordetella bronchiseptica S798"
"bbx","BBS798_2883","K17321","glpV","glycerol transport system substrate-binding protein","0.0000 ","0.0053","Bordetella bronchiseptica S798"
"bbx","BBS798_2885","K17323","glpQ","glycerol transport system permease protein","0.0000 ","0.0053","Bordetella bronchiseptica S798"
"bbx","BBS798_2886","K17322","K17322, glpP","glycerol transport system permease protein","0.0000 ","0.0056","Bordetella bronchiseptica S798"
"bbx","BBS798_2887","K17325","K17325, glpT","glycerol transport system ATP-binding protein","0.0000 ","0.0057","Bordetella bronchiseptica S798"
"bbx","BBS798_2888","K17324","glpS","glycerol transport system ATP-binding protein","0.0000 ","0.0057","Bordetella bronchiseptica S798"
"bbx","BBS798_2890","K00111","glpA, glpD","glycerol-3-phosphate dehydrogenase","0.0013","0.0904","Bordetella bronchiseptica S798"
"bbx","BBS798_2894","K00244","frdA","fumarate reductase flavoprotein subunit","0.2589","0.1712","Bordetella bronchiseptica S798"
"bbx","BBS798_2900","K01714","dapA","4-hydroxy-tetrahydrodipicolinate synthase","0.4899","0.3442","Bordetella bronchiseptica S798"
"bbx","BBS798_2905","K10026","queE","7-carboxy-7-deazaguanine synthase","0.0013","0.1471","Bordetella bronchiseptica S798"
"bbx","BBS798_2906","K01737","queD, ptpS, PTS","6-pyruvoyltetrahydropterin/6-carboxytetrahydropterin synthase","0.0013","0.1482","Bordetella bronchiseptica S798"
"bbx","BBS798_2908","K01628","fucA","L-fuculose-phosphate aldolase","0.0000 ","0.0002","Bordetella bronchiseptica S798"
"bbx","BBS798_2919","K00285","dadA","D-amino-acid dehydrogenase","0.0000 ","0.0022","Bordetella bronchiseptica S798"
"bbx","BBS798_2927","K05366","mrcA","penicillin-binding protein 1A","0.0544","0.0518","Bordetella bronchiseptica S798"
"bbx","BBS798_2946","K03776","aer","aerotaxis receptor","0.0031","0.0055","Bordetella bronchiseptica S798"
"bbx","BBS798_2955","K01640","E4.1.3.4, HMGCL, hmgL","hydroxymethylglutaryl-CoA lyase","0.0091","0.0134","Bordetella bronchiseptica S798"
"bbx","BBS798_2963","K00249","ACADM, acd","acyl-CoA dehydrogenase","0.0080","0.0113","Bordetella bronchiseptica S798"
"bbx","BBS798_2965","K22187","N/A","","N/A","N/A","Bordetella bronchiseptica S798"
"bbx","BBS798_2966","K01652","E2.2.1.6L, ilvB, ilvG, ilvI","acetolactate synthase I/II/III large subunit","0.0184","0.0311","Bordetella bronchiseptica S798"
"bbx","BBS798_2972","K00626","E2.3.1.9, atoB","acetyl-CoA C-acetyltransferase","0.0206","0.0393","Bordetella bronchiseptica S798"
"bbx","BBS798_2974","K14731","mlhB, chnC","epsilon-lactone hydrolase","0.0000 ","0.0084","Bordetella bronchiseptica S798"
"bbx","BBS798_2978","K15866","paaG","2-(1,2-epoxy-1,2-dihydrophenyl)acetyl-CoA isomerase","0.0000 ","0.0013","Bordetella bronchiseptica S798"
"bbx","BBS798_2981","K01999","livK","branched-chain amino acid transport system substrate-binding protein","0.0000 ","0.0005","Bordetella bronchiseptica S798"
"bbx","BBS798_2982","K01997","livH","branched-chain amino acid transport system permease protein","0.0000 ","0.0000 ","Bordetella bronchiseptica S798"
"bbx","BBS798_2983","K01998","livM","branched-chain amino acid transport system permease protein","0.0000 ","0.0000 ","Bordetella bronchiseptica S798"
"bbx","BBS798_2984","K01995","livG","branched-chain amino acid transport system ATP-binding protein","0.0000 ","0.0002","Bordetella bronchiseptica S798"
"bbx","BBS798_2985","K01996","livF","branched-chain amino acid transport system ATP-binding protein","0.0000 ","0.0002","Bordetella bronchiseptica S798"
"bbx","BBS798_2987","K00529","hcaD","3-phenylpropionate/trans-cinnamate dioxygenase ferredoxin reductase component","0.0127","0.0063","Bordetella bronchiseptica S798"
"bbx","BBS798_2994","K02316","dnaG","DNA primase","0.3877","0.2987","Bordetella bronchiseptica S798"
"bbx","BBS798_2995","K02970","RP-S21, MRPS21, rpsU","small subunit ribosomal protein S21","0.2105","0.4343","Bordetella bronchiseptica S798"
"bbx","BBS798_2997","K01939","purA, ADSS","adenylosuccinate synthase","0.1496","0.2426","Bordetella bronchiseptica S798"
"bbx","BBS798_2998","K02502","hisZ","ATP phosphoribosyltransferase regulatory subunit","0.0983","0.0714","Bordetella bronchiseptica S798"
"bbx","BBS798_3002","K03666","hfq","host factor-I protein","0.0234","0.0506","Bordetella bronchiseptica S798"
"bbx","BBS798_3003","K00817","hisC","histidinol-phosphate aminotransferase","0.1003","0.1197","Bordetella bronchiseptica S798"
"bbx","BBS798_3007","K01892","HARS, hisS","histidyl-tRNA synthetase","0.6103","0.5347","Bordetella bronchiseptica S798"
"bbx","BBS798_3008","K03526","gcpE, ispG","(E)-4-hydroxy-3-methylbut-2-enyl-diphosphate synthase","0.6310","0.4182","Bordetella bronchiseptica S798"
"bbx","BBS798_3011","K00940","ndk, NME","nucleoside-diphosphate kinase","0.7341","0.8327","Bordetella bronchiseptica S798"
"bbx","BBS798_3012","K01873","VARS, valS","valyl-tRNA synthetase","0.6601","0.5571","Bordetella bronchiseptica S798"
"bbx","BBS798_3020","K02959","RP-S16, MRPS16, rpsP","small subunit ribosomal protein S16","0.3752","0.5158","Bordetella bronchiseptica S798"
"bbx","BBS798_3022","K04085","tusA, sirA","tRNA 2-thiouridine synthesizing protein A","0.0342","0.0693","Bordetella bronchiseptica S798"
"bbx","BBS798_3023","K01872","AARS, alaS","alanyl-tRNA synthetase","0.6601","0.5571","Bordetella bronchiseptica S798"
"bbx","BBS798_3032","K01426","E3.5.1.4, amiE","amidase","0.0000 ","0.0465","Bordetella bronchiseptica S798"
"bbx","BBS798_3033","K02031","ABC.PE.A","peptide/nickel transport system ATP-binding protein","0.0000 ","0.0004","Bordetella bronchiseptica S798"
"bbx","BBS798_3034","K02034","ABC.PE.P1","peptide/nickel transport system permease protein","0.0075","0.0026","Bordetella bronchiseptica S798"
"bbx","BBS798_3035","K02033","ABC.PE.P","peptide/nickel transport system permease protein","0.0016","0.0026","Bordetella bronchiseptica S798"
"bbx","BBS798_3036","K02035","ABC.PE.S","peptide/nickel transport system substrate-binding protein","0.0016","0.0015","Bordetella bronchiseptica S798"
"bbx","BBS798_3041","K00285","dadA","D-amino-acid dehydrogenase","0.0000 ","0.0022","Bordetella bronchiseptica S798"
"bbx","BBS798_3042","K00523","ascD, ddhD, rfbI","CDP-4-dehydro-6-deoxyglucose reductase, E3","0.0000 ","0.0198","Bordetella bronchiseptica S798"
"bbx","BBS798_3043","K01579","panD","aspartate 1-decarboxylase","0.1399","0.1934","Bordetella bronchiseptica S798"
"bbx","BBS798_3049","K10674","ectD","ectoine hydroxylase","0.0000 ","0.0205","Bordetella bronchiseptica S798"
"bbx","BBS798_3050","K06720","ectC","L-ectoine synthase","0.0000 ","0.0205","Bordetella bronchiseptica S798"
"bbx","BBS798_3051","K00836","ectB, dat","diaminobutyrate-2-oxoglutarate transaminase","0.0000 ","0.0153","Bordetella bronchiseptica S798"
"bbx","BBS798_3052","K06718","ectA","L-2,4-diaminobutyric acid acetyltransferase","0.0000 ","0.0008","Bordetella bronchiseptica S798"
"bbx","BBS798_3063","K03628","rho","transcription termination factor Rho","0.2427","0.1615","Bordetella bronchiseptica S798"
"bbx","BBS798_3067","K01752","E4.3.1.17, sdaA, sdaB, tdcG","L-serine dehydratase","0.1877","0.2699","Bordetella bronchiseptica S798"
"bbx","BBS798_3069","K01061","E3.1.1.45","carboxymethylenebutenolidase","0.0000 ","0.0000 ","Bordetella bronchiseptica S798"
"bbx","BBS798_3071","K02335","DPO1, polA","DNA polymerase I","0.7656","0.8943","Bordetella bronchiseptica S798"
"bbx","BBS798_3072","K06966","K06966","uncharacterized protein","0.0012","0.0125","Bordetella bronchiseptica S798"
"bbx","BBS798_3084","K09019","rutE","3-hydroxypropanoate dehydrogenase","0.0000 ","0.1242","Bordetella bronchiseptica S798"
"bbx","BBS798_3087","K01801","nagL","maleylpyruvate isomerase","0.0000 ","0.0067","Bordetella bronchiseptica S798"
"bbx","BBS798_3088","K03527","ispH, lytB","4-hydroxy-3-methylbut-2-en-1-yl diphosphate reductase","0.5261","0.3796","Bordetella bronchiseptica S798"
"bbx","BBS798_3091","K07130","kynB","arylformamidase","0.0000 ","0.0000 ","Bordetella bronchiseptica S798"
"bbx","BBS798_3092","K00453","TDO2, kynA","tryptophan 2,3-dioxygenase","0.0000 ","0.0000 ","Bordetella bronchiseptica S798"
"bbx","BBS798_3093","K02909","RP-L31, rpmE","large subunit ribosomal protein L31","0.1218","0.4008","Bordetella bronchiseptica S798"
"bbx","BBS798_3103","K01775","alr","alanine racemase","0.3752","0.4780","Bordetella bronchiseptica S798"
"bbx","BBS798_3105","K02291","crtB","15-cis-phytoene/all-trans-phytoene synthase","0.0106","0.0028","Bordetella bronchiseptica S798"
"bbx","BBS798_3109","K09694","nodJ","lipooligosaccharide transport system permease protein","0.0000 ","0.0053","Bordetella bronchiseptica S798"
"bbx","BBS798_3110","K09695","nodI","lipooligosaccharide transport system ATP-binding protein","0.0000 ","0.0071","Bordetella bronchiseptica S798"
"bbx","BBS798_3115","K00380","cysJ","sulfite reductase (NADPH) flavoprotein alpha-component","0.0257","0.0191","Bordetella bronchiseptica S798"
"bbx","BBS798_3129","K01515","nudF","ADP-ribose pyrophosphatase","0.0000 ","0.0343","Bordetella bronchiseptica S798"
"bbx","BBS798_3138","K00812","aspB","aspartate aminotransferase","0.2316","0.1300","Bordetella bronchiseptica S798"
"bbx","BBS798_3158","K00406","ccoP","cytochrome c oxidase cbb3-type subunit III","0.0026","0.0093","Bordetella bronchiseptica S798"
"bbx","BBS798_3159","K00407","ccoQ","cytochrome c oxidase cbb3-type subunit IV","0.0031","0.0292","Bordetella bronchiseptica S798"
"bbx","BBS798_3160","K00405","ccoO","cytochrome c oxidase cbb3-type subunit II","0.0026","0.0116","Bordetella bronchiseptica S798"
"bbx","BBS798_3161","K00404","ccoN","cytochrome c oxidase cbb3-type subunit I","0.0024","0.0119","Bordetella bronchiseptica S798"
"bbx","BBS798_3164","K00833","bioA","adenosylmethionine---8-amino-7-oxononanoate aminotransferase","0.0190","0.0731","Bordetella bronchiseptica S798"
"bbx","BBS798_3165","K00652","bioF","8-amino-7-oxononanoate synthase","0.0414","0.0827","Bordetella bronchiseptica S798"
"bbx","BBS798_3166","K02170","bioH","pimeloyl-[acyl-carrier protein] methyl ester esterase","0.1122","0.0697","Bordetella bronchiseptica S798"
"bbx","BBS798_3167","K01935","bioD","dethiobiotin synthetase","0.0414","0.1142","Bordetella bronchiseptica S798"
"bbx","BBS798_3171","K01637","E4.1.3.1, aceA","isocitrate lyase","0.0000 ","0.0000 ","Bordetella bronchiseptica S798"
"bbx","BBS798_3172","K06879","queF","7-cyano-7-deazaguanine reductase","0.0085","0.1498","Bordetella bronchiseptica S798"
"bbx","BBS798_3174","K08744","CRLS","cardiolipin synthase (CMP-forming)","0.0716","0.1601","Bordetella bronchiseptica S798"
"bbx","BBS798_3175","K03703","uvrC","excinuclease ABC subunit C","0.0009","0.0153","Bordetella bronchiseptica S798"
"bbx","BBS798_3176","K01207","nagZ","beta-N-acetylhexosaminidase","0.0013","0.0110","Bordetella bronchiseptica S798"
"bbx","BBS798_3177","K00997","acpS","holo-[acyl-carrier protein] synthase","0.2267","0.2984","Bordetella bronchiseptica S798"
"bbx","BBS798_3178","K03474","pdxJ","pyridoxine 5-phosphate synthase","0.2365","0.1560","Bordetella bronchiseptica S798"
"bbx","BBS798_3179","K18139","oprM, emhC, ttgC, cusC, adeK, smeF, mtrE, cmeC, gesC","outer membrane protein, multidrug efflux system","0.0000 ","3.47E-","Bordetella bronchiseptica S798"
"bbx","BBS798_3180","K18138","acrB, mexB, adeJ, smeE, mtrD, cmeB","multidrug efflux pump","0.0058","0.0098","Bordetella bronchiseptica S798"
"bbx","BBS798_3181","K03585","acrA, mexA, adeI, smeD, mtrC, cmeA","membrane fusion protein, multidrug efflux system","0.0015","0.0094","Bordetella bronchiseptica S798"
"bbx","BBS798_3191","K18661","matB","malonyl-CoA/methylmalonyl-CoA synthetase","0.0000 ","0.0033","Bordetella bronchiseptica S798"
"bbx","BBS798_3193","K01578","MLYCD","malonyl-CoA decarboxylase","0.0000 ","0.0203","Bordetella bronchiseptica S798"
"bbx","BBS798_3196","K00626","E2.3.1.9, atoB","acetyl-CoA C-acetyltransferase","0.0206","0.0393","Bordetella bronchiseptica S798"
"bbx","BBS798_3198","K02000","proV","glycine betaine/proline transport system ATP-binding protein","0.0000 ","0.0053","Bordetella bronchiseptica S798"
"bbx","BBS798_3199","K02001","proW","glycine betaine/proline transport system permease protein","0.0000 ","0.0053","Bordetella bronchiseptica S798"
"bbx","BBS798_3200","K02002","proX","glycine betaine/proline transport system substrate-binding protein","0.0000 ","0.0053","Bordetella bronchiseptica S798"
"bbx","BBS798_3203","K02902","RP-L28, MRPL28, rpmB","large subunit ribosomal protein L28","0.3164","0.5072","Bordetella bronchiseptica S798"
"bbx","BBS798_3204","K02913","RP-L33, MRPL33, rpmG","large subunit ribosomal protein L33","0.0687","0.3611","Bordetella bronchiseptica S798"
"bbx","BBS798_3209","K01869","LARS, leuS","leucyl-tRNA synthetase","0.6103","0.5347","Bordetella bronchiseptica S798"
"bbx","BBS798_3211","K02340","DPO3D1, holA","DNA polymerase III subunit delta","0.9384","0.9971","Bordetella bronchiseptica S798"
"bbx","BBS798_3212","K00147","proA","glutamate-5-semialdehyde dehydrogenase","0.0429","0.1070","Bordetella bronchiseptica S798"
"bbx","BBS798_3214","K01426","E3.5.1.4, amiE","amidase","0.0000 ","0.0465","Bordetella bronchiseptica S798"
"bbx","BBS798_3222","K11085","msbA","ATP-binding cassette, subfamily B, bacterial MsbA","0.3149","0.0165","Bordetella bronchiseptica S798"
"bbx","BBS798_3223","K02843","waaF, rfaF","heptosyltransferase II","0.0366","0.0662","Bordetella bronchiseptica S798"
"bbx","BBS798_3226","K02844","waaG, rfaG","UDP-glucose:(heptosyl)LPS alpha-1,3-glucosyltransferase","0.0039","0.0608","Bordetella bronchiseptica S798"
"bbx","BBS798_3233","K02337","DPO3A1, dnaE","DNA polymerase III subunit alpha","0.9384","0.7471","Bordetella bronchiseptica S798"
"bbx","BBS798_3236","K14682","argAB","amino-acid N-acetyltransferase","0.0680","0.0630","Bordetella bronchiseptica S798"
"bbx","BBS798_3238","K01114","plc","phospholipase C","0.0000 ","0.0000 ","Bordetella bronchiseptica S798"
"bbx","BBS798_3240","K01807","rpiA","ribose 5-phosphate isomerase A","0.6496","0.7260","Bordetella bronchiseptica S798"
"bbx","BBS798_3244","K03652","MPG","DNA-3-methyladenine glycosylase","0.0000 ","0.0035","Bordetella bronchiseptica S798"
"bbx","BBS798_3246","K11074","potI","putrescine transport system permease protein","0.0000 ","0.0071","Bordetella bronchiseptica S798"
"bbx","BBS798_3247","K11075","potH","putrescine transport system permease protein","0.0000 ","0.0075","Bordetella bronchiseptica S798"
"bbx","BBS798_3248","K11076","potG","putrescine transport system ATP-binding protein","0.0000 ","0.0065","Bordetella bronchiseptica S798"
"bbx","BBS798_3249","K11073","potF","putrescine transport system substrate-binding protein","0.0000 ","0.0089","Bordetella bronchiseptica S798"
"bbx","BBS798_3250","K11211","kdkA","3-deoxy-D-manno-octulosonic acid kinase","0.0060","0.0606","Bordetella bronchiseptica S798"
"bbx","BBS798_3257","K07345","fimA","major type 1 subunit fimbrin (pilin)","0.0031","0.0019","Bordetella bronchiseptica S798"
"bbx","BBS798_3259","K01912","paaK","phenylacetate-CoA ligase","0.0000 ","0.0000 ","Bordetella bronchiseptica S798"
"bbx","BBS798_3260","K02614","paaI","acyl-CoA thioesterase","0.0000 ","0.0018","Bordetella bronchiseptica S798"
"bbx","BBS798_3261","K15866","paaG","2-(1,2-epoxy-1,2-dihydrophenyl)acetyl-CoA isomerase","0.0000 ","0.0013","Bordetella bronchiseptica S798"
"bbx","BBS798_3263","K02613","paaE","ring-1,2-phenylacetyl-CoA epoxidase subunit PaaE","0.0000 ","0.0083","Bordetella bronchiseptica S798"
"bbx","BBS798_3264","K02612","paaD","ring-1,2-phenylacetyl-CoA epoxidase subunit PaaD","0.0000 ","0.0001","Bordetella bronchiseptica S798"
"bbx","BBS798_3265","K02611","paaC","ring-1,2-phenylacetyl-CoA epoxidase subunit PaaC","0.0039","0.0010","Bordetella bronchiseptica S798"
"bbx","BBS798_3266","K02610","paaB","ring-1,2-phenylacetyl-CoA epoxidase subunit PaaB","0.0000 ","0.0001","Bordetella bronchiseptica S798"
"bbx","BBS798_3267","K02609","paaA","ring-1,2-phenylacetyl-CoA epoxidase subunit PaaA","0.0000 ","0.0010","Bordetella bronchiseptica S798"
"bbx","BBS798_3271","K06013","STE24","STE24 endopeptidase","0.0000 ","0.1555","Bordetella bronchiseptica S798"
"bbx","BBS798_3272","K06949","rsgA, engC","ribosome biogenesis GTPase / thiamine phosphate phosphatase","0.3865","0.2740","Bordetella bronchiseptica S798"
"bbx","BBS798_3275","K02884","RP-L19, MRPL19, rplS","large subunit ribosomal protein L19","0.3906","0.5424","Bordetella bronchiseptica S798"
"bbx","BBS798_3279","K00956","cysN","sulfate adenylyltransferase subunit 1","0.0302","0.0468","Bordetella bronchiseptica S798"
"bbx","BBS798_3280","K00957","cysD","sulfate adenylyltransferase subunit 2","0.0245","0.0473","Bordetella bronchiseptica S798"
"bbx","BBS798_3281","K00390","cysH","phosphoadenosine phosphosulfate reductase","0.0144","0.0272","Bordetella bronchiseptica S798"
"bbx","BBS798_3282","K02045","cysA","sulfate transport system ATP-binding protein","0.0000 ","0.0021","Bordetella bronchiseptica S798"
"bbx","BBS798_3283","K02047","cysW","sulfate transport system permease protein","0.0000 ","0.0013","Bordetella bronchiseptica S798"
"bbx","BBS798_3284","K02046","cysU","sulfate transport system permease protein","0.0000 ","0.0013","Bordetella bronchiseptica S798"
"bbx","BBS798_3285","K02048","cysP, sbp","sulfate transport system substrate-binding protein","0.0000 ","0.0000 ","Bordetella bronchiseptica S798"
"bbx","BBS798_3287","K20035","dmdC","3-(methylthio)propanoyl-CoA dehydrogenase","0.0000 ","0.0103","Bordetella bronchiseptica S798"
"bbx","BBS798_3292","K12339","cysM","cysteine synthase B","0.1370","0.1017","Bordetella bronchiseptica S798"
"bbx","BBS798_3294","K03274","gmhD, rfaD","ADP-L-glycero-D-manno-heptose 6-epimerase","0.0302","0.0632","Bordetella bronchiseptica S798"
"bbx","BBS798_3295","K21344","rfaE1","D-glycero-beta-D-manno-heptose-7-phosphate kinase","0.1270","0.0267","Bordetella bronchiseptica S798"
"bbx","BBS798_3299","K02945","RP-S1, rpsA","small subunit ribosomal protein S1","0.3635","0.5201","Bordetella bronchiseptica S798"
"bbx","BBS798_3300","K00945","cmk","CMP/dCMP kinase","0.8469","0.5663","Bordetella bronchiseptica S798"
"bbx","BBS798_3301","K00800","aroA","3-phosphoshikimate 1-carboxyvinyltransferase","0.1299","0.1579","Bordetella bronchiseptica S798"
"bbx","BBS798_3302","K04517","tyrA2","prephenate dehydrogenase","0.0824","0.0517","Bordetella bronchiseptica S798"
"bbx","BBS798_3303","K14170","pheA","chorismate mutase / prephenate dehydratase","0.1083","0.1017","Bordetella bronchiseptica S798"
"bbx","BBS798_3304","K00831","serC, PSAT1","phosphoserine aminotransferase","0.1238","0.1765","Bordetella bronchiseptica S798"
"bbx","BBS798_3307","K00568","ubiG","2-polyprenyl-6-hydroxyphenyl methylase / 3-demethylubiquinone-9 3-methyltransferase","0.4332","0.1583","Bordetella bronchiseptica S798"
"bbx","BBS798_3308","K22292","N/A","","N/A","N/A","Bordetella bronchiseptica S798"
"bbx","BBS798_3378","K00626","E2.3.1.9, atoB","acetyl-CoA C-acetyltransferase","0.0206","0.0393","Bordetella bronchiseptica S798"
"bbx","BBS798_3401","K00812","aspB","aspartate aminotransferase","0.2316","0.1300","Bordetella bronchiseptica S798"
"bbx","BBS798_3402","K01473","hyuA","N-methylhydantoinase A","0.0000 ","0.0037","Bordetella bronchiseptica S798"
"bbx","BBS798_3403","K01474","hyuB","N-methylhydantoinase B","0.0000 ","0.0037","Bordetella bronchiseptica S798"
"bbx","BBS798_3426","K00023","phbB","acetoacetyl-CoA reductase","0.0029","0.0311","Bordetella bronchiseptica S798"
"bbx","BBS798_3427","K03821","phbC, phaC","polyhydroxyalkanoate synthase","0.0026","0.0034","Bordetella bronchiseptica S798"
"bbx","BBS798_3433","K01867","WARS, trpS","tryptophanyl-tRNA synthetase","0.5166","0.4923","Bordetella bronchiseptica S798"
"bbx","BBS798_3440","K03119","tauD","taurine dioxygenase","0.0000 ","0.0000 ","Bordetella bronchiseptica S798"
"bbx","BBS798_3444","K00059","fabG","3-oxoacyl-[acyl-carrier protein] reductase","0.7026","0.4376","Bordetella bronchiseptica S798"
"bbx","BBS798_3446","K00382","DLD, lpd, pdhD","dihydrolipoamide dehydrogenase","0.5030","0.4139","Bordetella bronchiseptica S798"
"bbx","BBS798_3447","K00658","DLST, sucB","2-oxoglutarate dehydrogenase E2 component (dihydrolipoamide succinyltransferase)","0.3018","0.2626","Bordetella bronchiseptica S798"
"bbx","BBS798_3448","K00164","OGDH, sucA","2-oxoglutarate dehydrogenase E1 component","0.2472","0.1717","Bordetella bronchiseptica S798"
"bbx","BBS798_3451","K00163","aceE","pyruvate dehydrogenase E1 component","0.0071","0.0586","Bordetella bronchiseptica S798"
"bbx","BBS798_3452","K00029","E1.1.1.40, maeB","malate dehydrogenase (oxaloacetate-decarboxylating)(NADP+)","0.0137","0.0262","Bordetella bronchiseptica S798"
"bbx","BBS798_3453","K07345","fimA","major type 1 subunit fimbrin (pilin)","0.0031","0.0019","Bordetella bronchiseptica S798"
"bbx","BBS798_3456","K01647","CS, gltA","citrate synthase","0.2338","0.2171","Bordetella bronchiseptica S798"
"bbx","BBS798_3458","K00240","sdhB, frdB","succinate dehydrogenase / fumarate reductase, iron-sulfur subunit","0.2338","0.2373","Bordetella bronchiseptica S798"
"bbx","BBS798_3459","K00239","sdhA, frdA","succinate dehydrogenase / fumarate reductase, flavoprotein subunit","0.2684","0.2219","Bordetella bronchiseptica S798"
"bbx","BBS798_3460","K00242","sdhD, frdD","succinate dehydrogenase / fumarate reductase, membrane anchor subunit","0.2867","0.2319","Bordetella bronchiseptica S798"
"bbx","BBS798_3461","K00241","sdhC, frdC","succinate dehydrogenase / fumarate reductase, cytochrome b subunit","0.2684","0.2467","Bordetella bronchiseptica S798"
"bbx","BBS798_3463","K00024","mdh","malate dehydrogenase","0.0657","0.0819","Bordetella bronchiseptica S798"
"bbx","BBS798_3464","K03417","prpB","methylisocitrate lyase","0.0000 ","0.0099","Bordetella bronchiseptica S798"
"bbx","BBS798_3465","K01659","prpC","2-methylcitrate synthase","0.0000 ","0.0701","Bordetella bronchiseptica S798"
"bbx","BBS798_3466","K20455","acnD","2-methylcitrate dehydratase (2-methyl-trans-aconitate forming)","0.0000 ","0.0030","Bordetella bronchiseptica S798"
"bbx","BBS798_3467","K09788","prpF","2-methylaconitate isomerase","0.0000 ","0.0030","Bordetella bronchiseptica S798"
"bbx","BBS798_3468","K01720","prpD","2-methylcitrate dehydratase","0.0000 ","0.0030","Bordetella bronchiseptica S798"
"bbx","BBS798_3474","K01895","ACSS, acs","acetyl-CoA synthetase","0.0111","0.0269","Bordetella bronchiseptica S798"
"bbx","BBS798_3483","K01689","ENO, eno","enolase","0.4306","0.5736","Bordetella bronchiseptica S798"
"bbx","BBS798_3485","K01627","kdsA","2-dehydro-3-deoxyphosphooctonate aldolase (KDO 8-P synthase)","0.2898","0.2015","Bordetella bronchiseptica S798"
"bbx","BBS798_3486","K01937","pyrG, CTPS","CTP synthase","0.7895","0.5413","Bordetella bronchiseptica S798"
"bbx","BBS798_3490","K13891","gsiD","glutathione transport system permease protein","0.0000 ","0.0075","Bordetella bronchiseptica S798"
"bbx","BBS798_3491","K13890","gsiC","glutathione transport system permease protein","0.0000 ","0.0075","Bordetella bronchiseptica S798"
"bbx","BBS798_3492","K13889","gsiB","glutathione transport system substrate-binding protein","0.0051","0.0064","Bordetella bronchiseptica S798"
"bbx","BBS798_3493","K13892","gsiA","glutathione transport system ATP-binding protein","0.0000 ","0.0053","Bordetella bronchiseptica S798"
"bbx","BBS798_3496","K01029","E2.8.3.5B, scoB","3-oxoacid CoA-transferase subunit B","0.0000 ","0.0006","Bordetella bronchiseptica S798"
"bbx","BBS798_3497","K01028","E2.8.3.5A, scoA","3-oxoacid CoA-transferase subunit A","0.0000 ","0.0009","Bordetella bronchiseptica S798"
"bbx","BBS798_3503","K01620","ltaE","threonine aldolase","0.0257","0.0666","Bordetella bronchiseptica S798"
"bbx","BBS798_3505","K01895","ACSS, acs","acetyl-CoA synthetase","0.0111","0.0269","Bordetella bronchiseptica S798"
"bbx","BBS798_3508","K01908","prpE","propionyl-CoA synthetase","0.0000 ","0.0071","Bordetella bronchiseptica S798"
"bbx","BBS798_3512","K00140","mmsA, iolA, ALDH6A1","malonate-semialdehyde dehydrogenase (acetylating) / methylmalonate-semialdehyde dehydrogenase","0.0000 ","0.0040","Bordetella bronchiseptica S798"
"bbx","BBS798_3513","K01999","livK","branched-chain amino acid transport system substrate-binding protein","0.0000 ","0.0005","Bordetella bronchiseptica S798"
"bbx","BBS798_3515","K07091","lptF","lipopolysaccharide export system permease protein","0.3434","0.1818","Bordetella bronchiseptica S798"
"bbx","BBS798_3516","K01255","CARP, pepA","leucyl aminopeptidase","0.0277","0.0512","Bordetella bronchiseptica S798"
"bbx","BBS798_3517","K02339","DPO3C, holC","DNA polymerase III subunit chi","0.7895","0.9144","Bordetella bronchiseptica S798"
"bbx","BBS798_3522","K01733","thrC","threonine synthase","0.1110","0.1922","Bordetella bronchiseptica S798"
"bbx","BBS798_3524","K03584","recO","DNA repair protein RecO (recombination protein O)","0.0010","0.0357","Bordetella bronchiseptica S798"
"bbx","BBS798_3527","K03100","lepB, TPP","signal peptidase I","0.3262","0.4509","Bordetella bronchiseptica S798"
"bbx","BBS798_3529","K04771","degP, htrA","serine protease Do","0.0015","0.0052","Bordetella bronchiseptica S798"
"bbx","BBS798_3534","K09458","fabF","3-oxoacyl-[acyl-carrier-protein] synthase II","0.7026","0.5553","Bordetella bronchiseptica S798"
"bbx","BBS798_3535","K02078","acpP","acyl carrier protein","0.4873","0.1020","Bordetella bronchiseptica S798"
"bbx","BBS798_3536","K00059","fabG","3-oxoacyl-[acyl-carrier protein] reductase","0.7026","0.4376","Bordetella bronchiseptica S798"
"bbx","BBS798_3537","K00645","fabD","[acyl-carrier-protein] S-malonyltransferase","0.7026","0.4710","Bordetella bronchiseptica S798"
"bbx","BBS798_3538","K00648","fabH","3-oxoacyl-[acyl-carrier-protein] synthase III","0.7190","0.3716","Bordetella bronchiseptica S798"
"bbx","BBS798_3539","K03621","plsX","glycerol-3-phosphate acyltransferase PlsX","0.7026","0.6424","Bordetella bronchiseptica S798"
"bbx","BBS798_3540","K02911","RP-L32, MRPL32, rpmF","large subunit ribosomal protein L32","0.2338","0.4521","Bordetella bronchiseptica S798"
"bbx","BBS798_3547","K01091","gph","phosphoglycolate phosphatase","0.0000 ","0.0024","Bordetella bronchiseptica S798"
"bbx","BBS798_3549","K08300","rne","ribonuclease E","0.0750","0.0549","Bordetella bronchiseptica S798"
"bbx","BBS798_3550","K01442","E3.5.1.24","choloylglycine hydrolase","0.0029","0.0040","Bordetella bronchiseptica S798"
"bbx","BBS798_3552","K01963","accD","acetyl-CoA carboxylase carboxyl transferase subunit beta","0.6626","0.5064","Bordetella bronchiseptica S798"
"bbx","BBS798_3553","K01695","trpA","tryptophan synthase alpha chain","0.0606","0.0979","Bordetella bronchiseptica S798"
"bbx","BBS798_3554","K01696","trpB","tryptophan synthase beta chain","0.0606","0.0979","Bordetella bronchiseptica S798"
"bbx","BBS798_3555","K01438","argE","acetylornithine deacetylase","0.0579","0.0640","Bordetella bronchiseptica S798"
"bbx","BBS798_3556","K00951","relA","GTP pyrophosphokinase","0.0198","0.0641","Bordetella bronchiseptica S798"
"bbx","BBS798_3560","K00763","pncB, NAPRT1","nicotinate phosphoribosyltransferase","0.0685","0.2006","Bordetella bronchiseptica S798"
"bbx","BBS798_3563","K05973","phaZ","poly(3-hydroxybutyrate) depolymerase","0.0035","0.0026","Bordetella bronchiseptica S798"
"bbx","BBS798_3565","K10773","NTH","endonuclease III","0.0010","0.0113","Bordetella bronchiseptica S798"
"bbx","BBS798_3566","K01995","livG","branched-chain amino acid transport system ATP-binding protein","0.0000 ","0.0002","Bordetella bronchiseptica S798"
"bbx","BBS798_3567","K01996","livF","branched-chain amino acid transport system ATP-binding protein","0.0000 ","0.0002","Bordetella bronchiseptica S798"
"bbx","BBS798_3568","K01999","livK","branched-chain amino acid transport system substrate-binding protein","0.0000 ","0.0005","Bordetella bronchiseptica S798"
"bbx","BBS798_3569","K01997","livH","branched-chain amino acid transport system permease protein","0.0000 ","0.0000 ","Bordetella bronchiseptica S798"
"bbx","BBS798_3570","K01998","livM","branched-chain amino acid transport system permease protein","0.0000 ","0.0000 ","Bordetella bronchiseptica S798"
"bbx","BBS798_3571","K02002","proX","glycine betaine/proline transport system substrate-binding protein","0.0000 ","0.0053","Bordetella bronchiseptica S798"
"bbx","BBS798_3572","K00826","E2.6.1.42, ilvE","branched-chain amino acid aminotransferase","0.0166","0.0653","Bordetella bronchiseptica S798"
"bbx","BBS798_3573","K01996","livF","branched-chain amino acid transport system ATP-binding protein","0.0000 ","0.0002","Bordetella bronchiseptica S798"
"bbx","BBS798_3574","K01995","livG","branched-chain amino acid transport system ATP-binding protein","0.0000 ","0.0002","Bordetella bronchiseptica S798"
"bbx","BBS798_3575","K01997","livH","branched-chain amino acid transport system permease protein","0.0000 ","0.0000 ","Bordetella bronchiseptica S798"
"bbx","BBS798_3576","K01999","livK","branched-chain amino acid transport system substrate-binding protein","0.0000 ","0.0005","Bordetella bronchiseptica S798"
"bbx","BBS798_3577","K03523","bioY","biotin transport system substrate-specific component","0.0035","0.0073","Bordetella bronchiseptica S798"
"bbx","BBS798_3578","K16783","bioN","biotin transport system permease protein","0.0000 ","0.0102","Bordetella bronchiseptica S798"
"bbx","BBS798_3579","K16784","bioM","biotin transport system ATP-binding protein","0.0000 ","0.0143","Bordetella bronchiseptica S798"
"bbx","BBS798_3584","K01972","E6.5.1.2, ligA, ligB","DNA ligase (NAD+)","0.7656","0.6583","Bordetella bronchiseptica S798"
"bbx","BBS798_3588","K21929","udg","uracil-DNA glycosylase","0.0000 ","0.0182","Bordetella bronchiseptica S798"
"bbx","BBS798_3590","K07659","ompR","two-component system, OmpR family, phosphate regulon response regulator OmpR","0.0680","0.0028","Bordetella bronchiseptica S798"
"bbx","BBS798_3591","K07638","envZ","two-component system, OmpR family, osmolarity sensor histidine kinase EnvZ","0.0075","0.0013","Bordetella bronchiseptica S798"
"bbx","BBS798_3596","K01770","ispF","2-C-methyl-D-erythritol 2,4-cyclodiphosphate synthase","0.5916","0.3681","Bordetella bronchiseptica S798"
"bbx","BBS798_3597","K00991","ispD","2-C-methyl-D-erythritol 4-phosphate cytidylyltransferase","0.5995","0.2651","Bordetella bronchiseptica S798"
"bbx","BBS798_3598","K03723","mfd","transcription-repair coupling factor (superfamily II helicase)","0.0010","0.0189","Bordetella bronchiseptica S798"
"bbx","BBS798_3599","K01079","serB, PSPH","phosphoserine phosphatase","0.0631","0.1324","Bordetella bronchiseptica S798"
"bbx","BBS798_3602","K01652","E2.2.1.6L, ilvB, ilvG, ilvI","acetolactate synthase I/II/III large subunit","0.0184","0.0311","Bordetella bronchiseptica S798"
"bbx","BBS798_3603","K00059","fabG","3-oxoacyl-[acyl-carrier protein] reductase","0.7026","0.4376","Bordetella bronchiseptica S798"
"bbx","BBS798_3608","K00343","nuoN","NADH-quinone oxidoreductase subunit N","0.0936","0.0437","Bordetella bronchiseptica S798"
"bbx","BBS798_3609","K00342","nuoM","NADH-quinone oxidoreductase subunit M","0.1462","0.0896","Bordetella bronchiseptica S798"
"bbx","BBS798_3610","K00341","nuoL","NADH-quinone oxidoreductase subunit L","0.1184","0.0299","Bordetella bronchiseptica S798"
"bbx","BBS798_3611","K00340","nuoK","NADH-quinone oxidoreductase subunit K","0.1184","0.0483","Bordetella bronchiseptica S798"
"bbx","BBS798_3612","K00339","nuoJ","NADH-quinone oxidoreductase subunit J","0.1184","0.0483","Bordetella bronchiseptica S798"
"bbx","BBS798_3613","K00338","nuoI","NADH-quinone oxidoreductase subunit I","0.1462","0.0307","Bordetella bronchiseptica S798"
"bbx","BBS798_3614","K00337","nuoH","NADH-quinone oxidoreductase subunit H","0.0936","0.0437","Bordetella bronchiseptica S798"
"bbx","BBS798_3615","K00336","nuoG","NADH-quinone oxidoreductase subunit G","0.1241","0.0469","Bordetella bronchiseptica S798"
"bbx","BBS798_3616","K00335","nuoF","NADH-quinone oxidoreductase subunit F","0.0980","0.0425","Bordetella bronchiseptica S798"
"bbx","BBS798_3617","K00334","nuoE","NADH-quinone oxidoreductase subunit E","0.0980","0.0425","Bordetella bronchiseptica S798"
"bbx","BBS798_3618","K00333","nuoD","NADH-quinone oxidoreductase subunit D","0.1207","0.0319","Bordetella bronchiseptica S798"
"bbx","BBS798_3619","K00332","nuoC","NADH-quinone oxidoreductase subunit C","0.0887","0.0288","Bordetella bronchiseptica S798"
"bbx","BBS798_3620","K00331","nuoB","NADH-quinone oxidoreductase subunit B","0.0936","0.0437","Bordetella bronchiseptica S798"
"bbx","BBS798_3621","K00330","nuoA","NADH-quinone oxidoreductase subunit A","0.0526","0.0355","Bordetella bronchiseptica S798"
"bbx","BBS798_3626","K19302","bcrC","undecaprenyl-diphosphatase","0.0000 ","0.0619","Bordetella bronchiseptica S798"
"bbx","BBS798_3632","K18306","mexH","membrane fusion protein, multidrug efflux system","0.0000 ","0.0007","Bordetella bronchiseptica S798"
"bbx","BBS798_3633","K18307","mexI","multidrug efflux pump","0.0000 ","0.0011","Bordetella bronchiseptica S798"
"bbx","BBS798_3638","K01473","hyuA","N-methylhydantoinase A","0.0000 ","0.0037","Bordetella bronchiseptica S798"
"bbx","BBS798_3639","K01474","hyuB","N-methylhydantoinase B","0.0000 ","0.0037","Bordetella bronchiseptica S798"
"bbx","BBS798_3645","K01760","metC","cystathionine beta-lyase","0.3447","0.2232","Bordetella bronchiseptica S798"
"bbx","BBS798_3647","K00059","fabG","3-oxoacyl-[acyl-carrier protein] reductase","0.7026","0.4376","Bordetella bronchiseptica S798"
"bbx","BBS798_3649","K01755","argH, ASL","argininosuccinate lyase","0.1192","0.1646","Bordetella bronchiseptica S798"
"bbx","BBS798_3652","K04835","mal","methylaspartate ammonia-lyase","0.0000 ","","Bordetella bronchiseptica S798"
"bbx","BBS798_3655","K03075","secG","preprotein translocase subunit SecG","0.0644","0.3115","Bordetella bronchiseptica S798"
"bbx","BBS798_3656","K01803","TPI, tpiA","triosephosphate isomerase (TIM)","0.5625","0.7010","Bordetella bronchiseptica S798"
"bbx","BBS798_3659","K01754","E4.3.1.19, ilvA, tdcB","threonine dehydratase","0.2176","0.1963","Bordetella bronchiseptica S798"
"bbx","BBS798_3661","K00962","pnp, PNPT1","polyribonucleotide nucleotidyltransferase","0.0841","0.1783","Bordetella bronchiseptica S798"
"bbx","BBS798_3662","K02956","RP-S15, MRPS15, rpsO","small subunit ribosomal protein S15","0.2910","0.4866","Bordetella bronchiseptica S798"
"bbx","BBS798_3664","K17103","CHO1, pssA","CDP-diacylglycerol---serine O-phosphatidyltransferase","0.3583","0.2425","Bordetella bronchiseptica S798"
"bbx","BBS798_3665","K00053","ilvC","ketol-acid reductoisomerase","0.0563","0.1147","Bordetella bronchiseptica S798"
"bbx","BBS798_3666","K01653","E2.2.1.6S, ilvH, ilvN","acetolactate synthase I/III small subunit","0.0190","0.0562","Bordetella bronchiseptica S798"
"bbx","BBS798_3667","K01652","E2.2.1.6L, ilvB, ilvG, ilvI","acetolactate synthase I/II/III large subunit","0.0184","0.0311","Bordetella bronchiseptica S798"
"bbx","BBS798_3672","K00019","E1.1.1.30, bdh","3-hydroxybutyrate dehydrogenase","0.0000 ","0.0294","Bordetella bronchiseptica S798"
"bbx","BBS798_3674","K03897","iucD","lysine N6-hydroxylase","0.0000 ","5.82E-","Bordetella bronchiseptica S798"
"bbx","BBS798_3688","K01875","SARS, serS","seryl-tRNA synthetase","0.6103","0.5347","Bordetella bronchiseptica S798"
"bbx","BBS798_3692","K00384","trxB","thioredoxin reductase (NADPH)","0.1650","0.2275","Bordetella bronchiseptica S798"
"bbx","BBS798_3697","K01546","kdpA","K+-transporting ATPase ATPase A chain","0.0000 ","0.0007","Bordetella bronchiseptica S798"
"bbx","BBS798_3698","K01547","kdpB","K+-transporting ATPase ATPase B chain","0.0000 ","0.0007","Bordetella bronchiseptica S798"
"bbx","BBS798_3699","K01548","kdpC","K+-transporting ATPase ATPase C chain","0.0000 ","0.0007","Bordetella bronchiseptica S798"
"bbx","BBS798_3700","K07646","kdpD","two-component system, OmpR family, sensor histidine kinase KdpD","0.0000 ","0.0007","Bordetella bronchiseptica S798"
"bbx","BBS798_3701","K07667","kdpE","two-component system, OmpR family, KDP operon response regulator KdpE","0.0000 ","0.0024","Bordetella bronchiseptica S798"
"bbx","BBS798_3702","K02847","waaL, rfaL","O-antigen ligase","0.0141","0.0617","Bordetella bronchiseptica S798"
"bbx","BBS798_3704","K00031","IDH1, IDH2, icd","isocitrate dehydrogenase","0.1443","0.2055","Bordetella bronchiseptica S798"
"bbx","BBS798_3710","K03823","pat","phosphinothricin acetyltransferase","0.0000 ","0.0002","Bordetella bronchiseptica S798"
"bbx","BBS798_3714","K04043","dnaK","molecular chaperone DnaK","0.3525","0.3257","Bordetella bronchiseptica S798"
"bbx","BBS798_3718","K01772","hemH, FECH","protoporphyrin/coproporphyrin ferrochelatase","0.4153","0.2412","Bordetella bronchiseptica S798"
"bbx","BBS798_3720","K00858","ppnK, NADK","NAD+ kinase","0.5327","0.4578","Bordetella bronchiseptica S798"
"bbx","BBS798_3724","K00215","dapB","4-hydroxy-tetrahydrodipicolinate reductase","0.5376","0.5651","Bordetella bronchiseptica S798"
"bbx","BBS798_3725","K00075","murB","UDP-N-acetylmuramate dehydrogenase","0.7026","0.7608","Bordetella bronchiseptica S798"
"bbx","BBS798_3729","K01433","purU","formyltetrahydrofolate deformylase","0.0206","0.0571","Bordetella bronchiseptica S798"
"bbx","BBS798_3730","K00305","soxG","sarcosine oxidase, subunit gamma","0.0000 ","0.0002","Bordetella bronchiseptica S798"
"bbx","BBS798_3731","K00302","soxA","sarcosine oxidase, subunit alpha","0.0000 ","0.0010","Bordetella bronchiseptica S798"
"bbx","BBS798_3732","K00304","soxD","sarcosine oxidase, subunit delta","0.0000 ","0.0002","Bordetella bronchiseptica S798"
"bbx","BBS798_3736","K13609","dpkA, lhpD","delta1-piperideine-2-carboxylate reductase","0.0000 ","0.0002","Bordetella bronchiseptica S798"
"bbx","BBS798_3737","K01491","folD","methylenetetrahydrofolate dehydrogenase (NADP+) / methenyltetrahydrofolate cyclohydrolase","0.4306","0.4659","Bordetella bronchiseptica S798"
"bbx","BBS798_3741","K01644","citE","citrate lyase subunit beta / citryl-CoA lyase","0.0085","0.0032","Bordetella bronchiseptica S798"
"bbx","BBS798_3742","K15866","paaG","2-(1,2-epoxy-1,2-dihydrophenyl)acetyl-CoA isomerase","0.0000 ","0.0013","Bordetella bronchiseptica S798"
"bbx","BBS798_3751","K02510","hpaI, hpcH","4-hydroxy-2-oxoheptanedioate aldolase","0.0000 ","0.0000 ","Bordetella bronchiseptica S798"
"bbx","BBS798_3757","K00681","ggt","gamma-glutamyltranspeptidase / glutathione hydrolase","0.0013","0.0125","Bordetella bronchiseptica S798"
"bbx","BBS798_3759","K02020","modA","molybdate transport system substrate-binding protein","0.0000 ","0.0053","Bordetella bronchiseptica S798"
"bbx","BBS798_3768","K00254","DHODH, pyrD","dihydroorotate dehydrogenase","0.0463","0.1443","Bordetella bronchiseptica S798"
"bbx","BBS798_3779","K00826","E2.6.1.42, ilvE","branched-chain amino acid aminotransferase","0.0166","0.0653","Bordetella bronchiseptica S798"
"bbx","BBS798_3784","K00963","UGP2, galU, galF","UTP--glucose-1-phosphate uridylyltransferase","0.2177","0.2983","Bordetella bronchiseptica S798"
"bbx","BBS798_3791","K03185","ubiH","2-octaprenyl-6-methoxyphenol hydroxylase","0.4117","0.0775","Bordetella bronchiseptica S798"
"bbx","BBS798_3794","K00602","purH","phosphoribosylaminoimidazolecarboxamide formyltransferase / IMP cyclohydrolase","0.3103","0.3691","Bordetella bronchiseptica S798"
"bbx","BBS798_3795","K01159","ruvC","crossover junction endodeoxyribonuclease RuvC","0.0198","0.0563","Bordetella bronchiseptica S798"
"bbx","BBS798_3796","K03550","ruvA","holliday junction DNA helicase RuvA","0.0362","0.0821","Bordetella bronchiseptica S798"
"bbx","BBS798_3797","K00329","E1.6.5.3","NADH dehydrogenase","0.0000 ","0.0363","Bordetella bronchiseptica S798"
"bbx","BBS798_3799","K03551","ruvB","holliday junction DNA helicase RuvB","0.0625","0.1054","Bordetella bronchiseptica S798"
"bbx","BBS798_3800","K03654","recQ","ATP-dependent DNA helicase RecQ","0.0014","0.0359","Bordetella bronchiseptica S798"
"bbx","BBS798_3802","K07659","ompR","two-component system, OmpR family, phosphate regulon response regulator OmpR","0.0680","0.0028","Bordetella bronchiseptica S798"
"bbx","BBS798_3803","K07638","envZ","two-component system, OmpR family, osmolarity sensor histidine kinase EnvZ","0.0075","0.0013","Bordetella bronchiseptica S798"
"bbx","BBS798_3804","K00426","cydB","cytochrome d ubiquinol oxidase subunit II","0.0046","0.0231","Bordetella bronchiseptica S798"
"bbx","BBS798_3805","K00425","cydA","cytochrome d ubiquinol oxidase subunit I","0.0184","0.0390","Bordetella bronchiseptica S798"
"bbx","BBS798_3806","K01886","QARS, glnS","glutaminyl-tRNA synthetase","0.4571","0.4463","Bordetella bronchiseptica S798"
"bbx","BBS798_3815","K21801","iaaH","indoleacetamide hydrolase","0.0000 ","0.0529","Bordetella bronchiseptica S798"
"bbx","BBS798_3817","K02032","ABC.PE.A1","peptide/nickel transport system ATP-binding protein","0.0000 ","0.0004","Bordetella bronchiseptica S798"
"bbx","BBS798_3818","K02031","ABC.PE.A","peptide/nickel transport system ATP-binding protein","0.0000 ","0.0004","Bordetella bronchiseptica S798"
"bbx","BBS798_3819","K02034","ABC.PE.P1","peptide/nickel transport system permease protein","0.0075","0.0026","Bordetella bronchiseptica S798"
"bbx","BBS798_3820","K02033","ABC.PE.P","peptide/nickel transport system permease protein","0.0016","0.0026","Bordetella bronchiseptica S798"
"bbx","BBS798_3821","K02035","ABC.PE.S","peptide/nickel transport system substrate-binding protein","0.0016","0.0015","Bordetella bronchiseptica S798"
"bbx","BBS798_3825","K03701","uvrA","excinuclease ABC subunit A","0.0009","0.0194","Bordetella bronchiseptica S798"
"bbx","BBS798_3826","K01665","pabB","para-aminobenzoate synthetase component I","0.0137","0.1631","Bordetella bronchiseptica S798"
"bbx","BBS798_3827","K02619","pabC","4-amino-4-deoxychorismate lyase","0.0017","0.1705","Bordetella bronchiseptica S798"
"bbx","BBS798_3834","K07232","chaC","cation transport protein ChaC","0.0000 ","0.0063","Bordetella bronchiseptica S798"
"bbx","BBS798_3835","K00275","pdxH, PNPO","pyridoxamine 5-phosphate oxidase","0.1770","0.0889","Bordetella bronchiseptica S798"
"bbx","BBS798_3838","K01433","purU","formyltetrahydrofolate deformylase","0.0206","0.0571","Bordetella bronchiseptica S798"
"bbx","BBS798_3843","K00681","ggt","gamma-glutamyltranspeptidase / glutathione hydrolase","0.0013","0.0125","Bordetella bronchiseptica S798"
"bbx","BBS798_3847","K01679","E4.2.1.2B, fumC","fumarate hydratase, class II","0.1043","0.1495","Bordetella bronchiseptica S798"
"bbx","BBS798_3849","K01448","E3.5.1.28B, amiA, amiB, amiC","N-acetylmuramoyl-L-alanine amidase","0.0606","0.0578","Bordetella bronchiseptica S798"
"bbx","BBS798_3851","K03572","mutL","DNA mismatch repair protein MutL","0.0103","0.0318","Bordetella bronchiseptica S798"
"bbx","BBS798_3853","K01933","purM","phosphoribosylformylglycinamidine cyclo-ligase","0.0526","0.0937","Bordetella bronchiseptica S798"
"bbx","BBS798_3856","K00970","pcnB","poly(A) polymerase","0.0234","0.1016","Bordetella bronchiseptica S798"
"bbx","BBS798_3857","K00950","folK","2-amino-4-hydroxy-6-hydroxymethyldihydropteridine diphosphokinase","0.4583","0.4040","Bordetella bronchiseptica S798"
"bbx","BBS798_3863","K08318","yihU","4-hydroxybutyrate dehydrogenase / sulfolactaldehyde 3-reductase","0.0000 ","0.0007","Bordetella bronchiseptica S798"
"bbx","BBS798_3864","K01607","pcaC","4-carboxymuconolactone decarboxylase","0.0000 ","0.0000 ","Bordetella bronchiseptica S798"
"bbx","BBS798_3866","K00019","E1.1.1.30, bdh","3-hydroxybutyrate dehydrogenase","0.0000 ","0.0294","Bordetella bronchiseptica S798"
"bbx","BBS798_3871","K18292","E4.1.3.25","(S)-citramalyl-CoA lyase","0.0000 ","0.0025","Bordetella bronchiseptica S798"
"bbx","BBS798_3872","K18289","ict-P","itaconate CoA-transferase","0.0000 ","0.0000 ","Bordetella bronchiseptica S798"
"bbx","BBS798_3873","K18291","ich-P","itaconyl-CoA hydratase / mesaconyl-C4 CoA hydratase","0.0000 ","0.0000 ","Bordetella bronchiseptica S798"
"bbx","BBS798_3874","K01676","E4.2.1.2A, fumA, fumB","fumarate hydratase, class I","0.0829","0.0774","Bordetella bronchiseptica S798"
"bbx","BBS798_3875","K01692","paaF, echA","enoyl-CoA hydratase","0.0091","0.0090","Bordetella bronchiseptica S798"
"bbx","BBS798_3878","K01703","leuC, IPMI-L","3-isopropylmalate/(R)-2-methylmalate dehydratase large subunit","0.0463","0.0763","Bordetella bronchiseptica S798"
"bbx","BBS798_3879","K01704","leuD, IPMI-S","3-isopropylmalate/(R)-2-methylmalate dehydratase small subunit","0.0482","0.0748","Bordetella bronchiseptica S798"
"bbx","BBS798_3882","K01878","glyQ","glycyl-tRNA synthetase alpha chain","0.4306","0.3913","Bordetella bronchiseptica S798"
"bbx","BBS798_3883","K01879","glyS","glycyl-tRNA synthetase beta chain","0.6310","0.4651","Bordetella bronchiseptica S798"
"bbx","BBS798_3884","K03273","gmhB","D-glycero-D-manno-heptose 1,7-bisphosphate phosphatase","0.0875","0.0999","Bordetella bronchiseptica S798"
"bbx","BBS798_3885","K00655","plsC","1-acyl-sn-glycerol-3-phosphate acyltransferase","0.7119","0.5099","Bordetella bronchiseptica S798"
"bbx","BBS798_3887","K01759","GLO1, gloA","lactoylglutathione lyase","0.0000 ","0.0104","Bordetella bronchiseptica S798"
"bbx","BBS798_3889","K06445","fadE","acyl-CoA dehydrogenase","0.0106","0.0068","Bordetella bronchiseptica S798"
"bbx","BBS798_3891","K00873","PK, pyk","pyruvate kinase","0.7341","0.8327","Bordetella bronchiseptica S798"
"bbx","BBS798_3892","K00865","glxK, garK","glycerate 2-kinase","0.0014","0.0114","Bordetella bronchiseptica S798"
"bbx","BBS798_3896","K07102","amgK","anomeric MurNAc/GlcNAc kinase","0.0024","0.0203","Bordetella bronchiseptica S798"
"bbx","BBS798_3897","K00992","murU","MurNAc alpha-1-phosphate uridylyltransferase","0.0098","0.0208","Bordetella bronchiseptica S798"
"bbx","BBS798_3899","K01724","PCBD, phhB","4a-hydroxytetrahydrobiopterin dehydratase","0.0024","0.0094","Bordetella bronchiseptica S798"
"bbx","BBS798_3903","K03851","tpa","taurine-pyruvate aminotransferase","0.0000 ","0.0205","Bordetella bronchiseptica S798"
"bbx","BBS798_3904","K01426","E3.5.1.4, amiE","amidase","0.0000 ","0.0465","Bordetella bronchiseptica S798"
"bbx","BBS798_3905","K02031","ABC.PE.A","peptide/nickel transport system ATP-binding protein","0.0000 ","0.0004","Bordetella bronchiseptica S798"
"bbx","BBS798_3906","K02034","ABC.PE.P1","peptide/nickel transport system permease protein","0.0075","0.0026","Bordetella bronchiseptica S798"
"bbx","BBS798_3907","K02033","ABC.PE.P","peptide/nickel transport system permease protein","0.0016","0.0026","Bordetella bronchiseptica S798"
"bbx","BBS798_3908","K02035","ABC.PE.S","peptide/nickel transport system substrate-binding protein","0.0016","0.0015","Bordetella bronchiseptica S798"
"bbx","BBS798_3911","K13747","nspC","carboxynorspermidine decarboxylase","0.0039","0.0391","Bordetella bronchiseptica S798"
"bbx","BBS798_3919","K10216","dmpD, xylF","2-hydroxymuconate-semialdehyde hydrolase","0.0000 ","0.0203","Bordetella bronchiseptica S798"
"bbx","BBS798_3921","K05713","mhpB","2,3-dihydroxyphenylpropionate 1,2-dioxygenase","0.0000 ","0.0204","Bordetella bronchiseptica S798"
"bbx","BBS798_3931","K01246","tag","DNA-3-methyladenine glycosylase I","0.0012","0.0100","Bordetella bronchiseptica S798"
"bbx","BBS798_3936","K10112","msmX, msmK, malK, sugC, ggtA, msiK","multiple sugar transport system ATP-binding protein","0.0080","0.0057","Bordetella bronchiseptica S798"
"bbx","BBS798_3947","K02073","metQ","D-methionine transport system substrate-binding protein","0.0000 ","0.0053","Bordetella bronchiseptica S798"
"bbx","BBS798_3948","K02072","metI","D-methionine transport system permease protein","0.0000 ","0.0053","Bordetella bronchiseptica S798"
"bbx","BBS798_3949","K02071","metN","D-methionine transport system ATP-binding protein","0.0000 ","0.0053","Bordetella bronchiseptica S798"
"bbx","BBS798_3952","K01092","E3.1.3.25, IMPA, suhB","myo-inositol-1(or 4)-monophosphatase","0.1110","0.1479","Bordetella bronchiseptica S798"
"bbx","BBS798_3953","K01897","ACSL, fadD","long-chain acyl-CoA synthetase","0.0000 ","0.0000 ","Bordetella bronchiseptica S798"
"bbx","BBS798_3957","K10806","yciA","acyl-CoA thioesterase YciA","0.0071","0.0109","Bordetella bronchiseptica S798"
"bbx","BBS798_3959","K12973","pagP, crcA","lipid IVA palmitoyltransferase","0.0000 ","0.0203","Bordetella bronchiseptica S798"
"bbx","BBS798_3960","K07232","chaC","cation transport protein ChaC","0.0000 ","0.0063","Bordetella bronchiseptica S798"
"bbx","BBS798_3962","K00285","dadA","D-amino-acid dehydrogenase","0.0000 ","0.0022","Bordetella bronchiseptica S798"
"bbx","BBS798_3963","K00059","fabG","3-oxoacyl-[acyl-carrier protein] reductase","0.7026","0.4376","Bordetella bronchiseptica S798"
"bbx","BBS798_3967","K03070","secA","preprotein translocase subunit SecA","0.3906","0.4886","Bordetella bronchiseptica S798"
"bbx","BBS798_3970","K02535","lpxC","UDP-3-O-[3-hydroxymyristoyl] N-acetylglucosamine deacetylase","0.4346","0.2421","Bordetella bronchiseptica S798"
"bbx","BBS798_3974","K01921","ddl","D-alanine-D-alanine ligase","0.5987","0.5198","Bordetella bronchiseptica S798"
"bbx","BBS798_3975","K01924","murC","UDP-N-acetylmuramate--alanine ligase","0.8149","0.6201","Bordetella bronchiseptica S798"
"bbx","BBS798_3976","K02563","murG","UDP-N-acetylglucosamine--N-acetylmuramyl-(pentapeptide) pyrophosphoryl-undecaprenol N-acetylglucosamine transferase","0.7026","0.5912","Bordetella bronchiseptica S798"
"bbx","BBS798_3978","K01925","murD","UDP-N-acetylmuramoylalanine--D-glutamate ligase","0.5987","0.7314","Bordetella bronchiseptica S798"
"bbx","BBS798_3979","K01000","mraY","phospho-N-acetylmuramoyl-pentapeptide-transferase","0.6496","0.5029","Bordetella bronchiseptica S798"
"bbx","BBS798_3980","K15792","murEF","murE/murF fusion protein","0.0000 ","0.3309","Bordetella bronchiseptica S798"
"bbx","BBS798_3981","K03587","ftsI","cell division protein FtsI (penicillin-binding protein 3)","0.4471","0.0687","Bordetella bronchiseptica S798"
"bbx","BBS798_3986","K01465","URA4, pyrC","dihydroorotase","0.0386","0.1747","Bordetella bronchiseptica S798"
"bbx","BBS798_3991","K00457","HPD, hppD","4-hydroxyphenylpyruvate dioxygenase","0.0000 ","0.0000 ","Bordetella bronchiseptica S798"
"bbx","BBS798_3993","K08738","CYC","cytochrome c","0.0029","0.0053","Bordetella bronchiseptica S798"
"bbx","BBS798_3994","K01687","ilvD","dihydroxy-acid dehydratase","0.0429","0.0806","Bordetella bronchiseptica S798"
"bbx","BBS798_4001","K00681","ggt","gamma-glutamyltranspeptidase / glutathione hydrolase","0.0013","0.0125","Bordetella bronchiseptica S798"
"bbx","BBS798_4002","K00020","mmsB, HIBADH","3-hydroxyisobutyrate dehydrogenase","0.0000 ","0.0024","Bordetella bronchiseptica S798"
"bbx","BBS798_4006","K15126","bteA","type III secretion system cytotoxic effector protein","0.0000 ","0.0218","Bordetella bronchiseptica S798"
"bbx","BBS798_4007","K07649","tctE","two-component system, OmpR family, sensor histidine kinase TctE","0.0000 ","0.0013","Bordetella bronchiseptica S798"
"bbx","BBS798_4008","K07774","tctD","two-component system, OmpR family, response regulator TctD","0.0000 ","0.0028","Bordetella bronchiseptica S798"
"bbx","BBS798_4009","K08311","nudH","putative (di)nucleoside polyphosphate hydrolase","0.0058","0.0317","Bordetella bronchiseptica S798"
"bbx","BBS798_4010","K01881","PARS, proS","prolyl-tRNA synthetase","0.6601","0.5571","Bordetella bronchiseptica S798"
"bbx","BBS798_4018","K02015","ABC.FEV.P","iron complex transport system permease protein","0.0184","0.0354","Bordetella bronchiseptica S798"
"bbx","BBS798_4019","K02013","ABC.FEV.A","iron complex transport system ATP-binding protein","0.0399","0.0544","Bordetella bronchiseptica S798"
"bbx","BBS798_4021","K00681","ggt","gamma-glutamyltranspeptidase / glutathione hydrolase","0.0013","0.0125","Bordetella bronchiseptica S798"
"bbx","BBS798_4023","K00285","dadA","D-amino-acid dehydrogenase","0.0000 ","0.0022","Bordetella bronchiseptica S798"
"bbx","BBS798_4028","K00626","E2.3.1.9, atoB","acetyl-CoA C-acetyltransferase","0.0206","0.0393","Bordetella bronchiseptica S798"
"bbx","BBS798_4051","K02106","atoE","short-chain fatty acids transporter","0.0031","0.0030","Bordetella bronchiseptica S798"
"bbx","BBS798_4053","K02342","DPO3E, dnaQ","DNA polymerase III subunit epsilon","0.8212","0.6494","Bordetella bronchiseptica S798"
"bbx","BBS798_4054","K18138","acrB, mexB, adeJ, smeE, mtrD, cmeB","multidrug efflux pump","0.0058","0.0098","Bordetella bronchiseptica S798"
"bbx","BBS798_4055","K03585","acrA, mexA, adeI, smeD, mtrC, cmeA","membrane fusion protein, multidrug efflux system","0.0015","0.0094","Bordetella bronchiseptica S798"
"bbx","BBS798_4056","K03469","rnhA, RNASEH1","ribonuclease HI","0.0206","0.1042","Bordetella bronchiseptica S798"
"bbx","BBS798_4058","K01069","E3.1.2.6, gloB","hydroxyacylglutathione hydrolase","0.0000 ","0.0100","Bordetella bronchiseptica S798"
"bbx","BBS798_4060","K00208","fabI","enoyl-[acyl-carrier protein] reductase I","0.5376","0.5020","Bordetella bronchiseptica S798"
"bbx","BBS798_4064","K00767","nadC, QPRT","nicotinate-nucleotide pyrophosphorylase (carboxylating)","0.0445","0.1747","Bordetella bronchiseptica S798"
"bbx","BBS798_4069","K01997","livH","branched-chain amino acid transport system permease protein","0.0000 ","0.0000 ","Bordetella bronchiseptica S798"
"bbx","BBS798_4070","K01998","livM","branched-chain amino acid transport system permease protein","0.0000 ","0.0000 ","Bordetella bronchiseptica S798"
"bbx","BBS798_4071","K01995","livG","branched-chain amino acid transport system ATP-binding protein","0.0000 ","0.0002","Bordetella bronchiseptica S798"
"bbx","BBS798_4073","K01999","livK","branched-chain amino acid transport system substrate-binding protein","0.0000 ","0.0005","Bordetella bronchiseptica S798"
"bbx","BBS798_4078","K03426","E3.6.1.22, NUDT12, nudC","NAD+ diphosphatase","0.4153","0.4516","Bordetella bronchiseptica S798"
"bbx","BBS798_4083","K01715","crt","enoyl-CoA hydratase","0.0241","0.0208","Bordetella bronchiseptica S798"
"bbx","BBS798_4093","K00108","betA, CHDH","choline dehydrogenase","0.0000 ","0.0107","Bordetella bronchiseptica S798"
"bbx","BBS798_4100","K01428","ureC","urease subunit alpha","0.0022","0.0055","Bordetella bronchiseptica S798"
"bbx","BBS798_4101","K01429","ureB","urease subunit beta","0.0024","0.0055","Bordetella bronchiseptica S798"
"bbx","BBS798_4103","K01430","ureA","urease subunit gamma","0.0024","0.0055","Bordetella bronchiseptica S798"
"bbx","BBS798_4110","K07543","bbsE","benzylsuccinate CoA-transferase BbsE subunit","0.0000 ","0.0203","Bordetella bronchiseptica S798"
"bbx","BBS798_4111","K07544","bbsF","benzylsuccinate CoA-transferase BbsF subunit","0.0000 ","0.0203","Bordetella bronchiseptica S798"
"bbx","BBS798_4114","K04835","mal","methylaspartate ammonia-lyase","0.0000 ","","Bordetella bronchiseptica S798"
"bbx","BBS798_4121","K11752","ribD","diaminohydroxyphosphoribosylaminopyrimidine deaminase / 5-amino-6-(5-phosphoribosylamino)uracil reductase","0.1944","0.2829","Bordetella bronchiseptica S798"
"bbx","BBS798_4125","K00600","glyA, SHMT","glycine hydroxymethyltransferase","0.3164","0.4597","Bordetella bronchiseptica S798"
"bbx","BBS798_4127","K01866","YARS, tyrS","tyrosyl-tRNA synthetase","0.6601","0.5571","Bordetella bronchiseptica S798"
"bbx","BBS798_4132","K00145","argC","N-acetyl-gamma-glutamyl-phosphate reductase","0.0463","0.0630","Bordetella bronchiseptica S798"
"bbx","BBS798_4133","K02996","RP-S9, MRPS9, rpsI","small subunit ribosomal protein S9","0.5166","0.6003","Bordetella bronchiseptica S798"
"bbx","BBS798_4134","K02871","RP-L13, MRPL13, rplM","large subunit ribosomal protein L13","0.7119","0.6883","Bordetella bronchiseptica S798"
"bbx","BBS798_4148","K01885","EARS, gltX","glutamyl-tRNA synthetase","0.6626","0.5645","Bordetella bronchiseptica S798"
"bbx","BBS798_4153","K00525","E1.17.4.1A, nrdA, nrdE","ribonucleoside-diphosphate reductase alpha chain","0.7656","0.6595","Bordetella bronchiseptica S798"
"bbx","BBS798_4154","K00526","E1.17.4.1B, nrdB, nrdF","ribonucleoside-diphosphate reductase beta chain","0.7656","0.6595","Bordetella bronchiseptica S798"
"bbx","BBS798_4157","K03367","dltA","D-alanine--poly(phosphoribitol) ligase subunit 1","0.0044","0.0019","Bordetella bronchiseptica S798"
"bbx","BBS798_4158","K03739","dltB","membrane protein involved in D-alanine export","0.0044","0.0027","Bordetella bronchiseptica S798"
"bbx","BBS798_4160","K03740","dltD","D-alanine transfer protein","0.0044","0.0034","Bordetella bronchiseptica S798"
"bbx","BBS798_4161","K14188","dltC","D-alanine--poly(phosphoribitol) ligase subunit 2","0.0044","0.0973","Bordetella bronchiseptica S798"
"bbx","BBS798_4163","K00856","E2.7.1.20, ADK","adenosine kinase","0.0882","0.0358","Bordetella bronchiseptica S798"
"bbx","BBS798_4166","K01961","accC","acetyl-CoA carboxylase, biotin carboxylase subunit","0.6943","0.5149","Bordetella bronchiseptica S798"
"bbx","BBS798_4167","K02160","accB, bccP","acetyl-CoA carboxylase biotin carboxyl carrier protein","0.6398","0.6233","Bordetella bronchiseptica S798"
"bbx","BBS798_4168","K03786","aroQ, qutE","3-dehydroquinate dehydratase II","0.1693","0.1315","Bordetella bronchiseptica S798"
"bbx","BBS798_4174","K00014","aroE","shikimate dehydrogenase","0.1039","0.1242","Bordetella bronchiseptica S798"
"bbx","BBS798_4175","K03814","mtgA","monofunctional glycosyltransferase","0.0016","0.0175","Bordetella bronchiseptica S798"
"bbx","BBS798_4176","K11720","lptG","lipopolysaccharide export system permease protein","0.4649","0.1818","Bordetella bronchiseptica S798"
"bbx","BBS798_4177","K01525","apaH","bis(5-nucleosyl)-tetraphosphatase (symmetrical)","0.0000 ","0.0339","Bordetella bronchiseptica S798"
"bbx","BBS798_4178","K00655","plsC","1-acyl-sn-glycerol-3-phosphate acyltransferase","0.7119","0.5099","Bordetella bronchiseptica S798"
"bbx","BBS798_4179","K01465","URA4, pyrC","dihydroorotase","0.0386","0.1747","Bordetella bronchiseptica S798"
"bbx","BBS798_4180","K00609","pyrB, PYR2","aspartate carbamoyltransferase catalytic subunit","0.0526","0.2378","Bordetella bronchiseptica S798"
"bbx","BBS798_4184","K00941","thiD","hydroxymethylpyrimidine/phosphomethylpyrimidine kinase","0.1238","0.1645","Bordetella bronchiseptica S798"
"bbx","BBS798_4185","K00788","thiE","thiamine-phosphate pyrophosphorylase","0.1443","0.1297","Bordetella bronchiseptica S798"
"bbx","BBS798_4186","K01845","hemL","glutamate-1-semialdehyde 2,1-aminomutase","0.1623","0.1170","Bordetella bronchiseptica S798"
"bbx","BBS798_4189","K01075","E3.1.2.23","4-hydroxybenzoyl-CoA thioesterase","0.0000 ","0.0058","Bordetella bronchiseptica S798"
"bbx","BBS798_4190","K08295","abmG","2-aminobenzoate-CoA ligase","0.0000 ","0.0211","Bordetella bronchiseptica S798"
"bbx","BBS798_4191","K00249","ACADM, acd","acyl-CoA dehydrogenase","0.0080","0.0113","Bordetella bronchiseptica S798"
"bbx","BBS798_4194","K09461","E1.14.13.40","anthraniloyl-CoA monooxygenase","0.0000 ","0.0481","Bordetella bronchiseptica S798"
"bbx","BBS798_4195","K01996","livF","branched-chain amino acid transport system ATP-binding protein","0.0000 ","0.0002","Bordetella bronchiseptica S798"
"bbx","BBS798_4196","K01995","livG","branched-chain amino acid transport system ATP-binding protein","0.0000 ","0.0002","Bordetella bronchiseptica S798"
"bbx","BBS798_4197","K01998","livM","branched-chain amino acid transport system permease protein","0.0000 ","0.0000 ","Bordetella bronchiseptica S798"
"bbx","BBS798_4198","K01997","livH","branched-chain amino acid transport system permease protein","0.0000 ","0.0000 ","Bordetella bronchiseptica S798"
"bbx","BBS798_4199","K01999","livK","branched-chain amino acid transport system substrate-binding protein","0.0000 ","0.0005","Bordetella bronchiseptica S798"
"bbx","BBS798_4200","K01432","AFMID","arylformamidase","0.0000 ","0.0203","Bordetella bronchiseptica S798"
"bbx","BBS798_4203","K00620","argJ","glutamate N-acetyltransferase / amino-acid N-acetyltransferase","0.1209","0.0773","Bordetella bronchiseptica S798"
"bbx","BBS798_4207","K07789","mdtC","multidrug efflux pump","0.0000 ","0.0015","Bordetella bronchiseptica S798"
"bbx","BBS798_4208","K07788","mdtB","multidrug efflux pump","0.0000 ","0.0015","Bordetella bronchiseptica S798"
"bbx","BBS798_4209","K07799","mdtA","membrane fusion protein, multidrug efflux system","0.0000 ","0.0011","Bordetella bronchiseptica S798"
"bbx","BBS798_4211","K00859","coaE","dephospho-CoA kinase","0.5800","0.5125","Bordetella bronchiseptica S798"
"bbx","BBS798_4215","K01918","panC","pantoate--beta-alanine ligase","0.2338","0.2517","Bordetella bronchiseptica S798"
"bbx","BBS798_4219","K00864","glpK, GK","glycerol kinase","0.0046","0.0302","Bordetella bronchiseptica S798"
"bbx","BBS798_4222","K09972","aapP, bztD","general L-amino acid transport system ATP-binding protein","0.0000 ","0.0053","Bordetella bronchiseptica S798"
"bbx","BBS798_4223","K09971","aapM, bztC","general L-amino acid transport system permease protein","0.0000 ","0.0059","Bordetella bronchiseptica S798"
"bbx","BBS798_4224","K09970","aapQ, bztB","general L-amino acid transport system permease protein","0.0000 ","0.0059","Bordetella bronchiseptica S798"
"bbx","BBS798_4225","K09969","aapJ, bztA","general L-amino acid transport system substrate-binding protein","0.0000 ","0.0060","Bordetella bronchiseptica S798"
"bbx","BBS798_4226","K09812","ftsE","cell division transport system ATP-binding protein","0.1086","0.0737","Bordetella bronchiseptica S798"
"bbx","BBS798_4227","K09811","ftsX","cell division transport system permease protein","0.1399","0.0813","Bordetella bronchiseptica S798"
"bbx","BBS798_4228","K03411","cheD","chemotaxis protein CheD","0.0000 ","0.0000 ","Bordetella bronchiseptica S798"
"bbx","BBS798_4230","K03575","mutY","A/G-specific adenine glycosylase","0.0000 ","0.0035","Bordetella bronchiseptica S798"
"bbx","BBS798_4233","K00548","metH, MTR","5-methyltetrahydrofolate--homocysteine methyltransferase","0.0551","0.0781","Bordetella bronchiseptica S798"
"bbx","BBS798_4235","K06858","ABC.VB12.S1, btuF","vitamin B12 transport system substrate-binding protein","0.0000 ","0.0127","Bordetella bronchiseptica S798"
"bbx","BBS798_4236","K03149","thiG","thiazole synthase","0.1086","0.1495","Bordetella bronchiseptica S798"
"bbx","BBS798_4237","K00941","thiD","hydroxymethylpyrimidine/phosphomethylpyrimidine kinase","0.1238","0.1645","Bordetella bronchiseptica S798"
"bbx","BBS798_4239","K12340","tolC","outer membrane protein","0.0000 ","3.47E-","Bordetella bronchiseptica S798"
"bbx","BBS798_4240","K21345","rfaE2","D-glycero-beta-D-manno-heptose 1-phosphate adenylyltransferase","0.0882","0.0267","Bordetella bronchiseptica S798"
"bbx","BBS798_4245","K03183","ubiE","demethylmenaquinone methyltransferase / 2-methoxy-6-polyprenyl-1,4-benzoquinol methylase","0.3865","0.2014","Bordetella bronchiseptica S798"
"bbx","BBS798_4246","K07657","phoB","two-component system, OmpR family, phosphate regulon response regulator PhoB","0.0064","0.0028","Bordetella bronchiseptica S798"
"bbx","BBS798_4247","K07636","phoR","two-component system, OmpR family, phosphate regulon sensor histidine kinase PhoR","0.0120","0.0013","Bordetella bronchiseptica S798"
"bbx","BBS798_4249","K07644","cusS, copS, silS","two-component system, OmpR family, heavy metal sensor histidine kinase CusS","0.0000 ","0.0013","Bordetella bronchiseptica S798"
"bbx","BBS798_4251","K00058","serA, PHGDH","D-3-phosphoglycerate dehydrogenase / 2-oxoglutarate reductase","0.1073","0.1203","Bordetella bronchiseptica S798"
"bbx","BBS798_4259","K00480","E1.14.13.1","salicylate hydroxylase","0.0157","0.0354","Bordetella bronchiseptica S798"
"bbx","BBS798_4260","K01692","paaF, echA","enoyl-CoA hydratase","0.0091","0.0090","Bordetella bronchiseptica S798"
"bbx","BBS798_4261","K14731","mlhB, chnC","epsilon-lactone hydrolase","0.0000 ","0.0084","Bordetella bronchiseptica S798"
"bbx","BBS798_4266","K01754","E4.3.1.19, ilvA, tdcB","threonine dehydratase","0.2176","0.1963","Bordetella bronchiseptica S798"
"bbx","BBS798_4270","K00759","APRT, apt","adenine phosphoribosyltransferase","0.2016","0.1143","Bordetella bronchiseptica S798"
"bbx","BBS798_4271","K16012","cydC","ATP-binding cassette, subfamily C, bacterial CydC","0.0302","0.0240","Bordetella bronchiseptica S798"
"bbx","BBS798_4272","K16013","cydD","ATP-binding cassette, subfamily C, bacterial CydD","0.0018","0.0093","Bordetella bronchiseptica S798"
"bbx","BBS798_4273","K00424","#N/A","","0.0000 ","0.0266","Bordetella bronchiseptica S798"
"bbx","BBS798_4274","K00426","cydB","cytochrome d ubiquinol oxidase subunit II","0.0046","0.0231","Bordetella bronchiseptica S798"
"bbx","BBS798_4275","K00425","cydA","cytochrome d ubiquinol oxidase subunit I","0.0184","0.0390","Bordetella bronchiseptica S798"
"bbx","BBS798_4277","K08289","purT","phosphoribosylglycinamide formyltransferase 2","0.4534","0.3836","Bordetella bronchiseptica S798"
"bbx","BBS798_4278","K06041","kdsD, kpsF","arabinose-5-phosphate isomerase","0.3297","0.1914","Bordetella bronchiseptica S798"
"bbx","BBS798_4279","K03270","kdsC","3-deoxy-D-manno-octulosonate 8-phosphate phosphatase (KDO 8-P phosphatase)","0.2316","0.1497","Bordetella bronchiseptica S798"
"bbx","BBS798_4282","K06861","lptB","lipopolysaccharide export system ATP-binding protein","0.3018","0.1430","Bordetella bronchiseptica S798"
"bbx","BBS798_4284","K02806","PTS-Ntr-EIIA, ptsN","PTS system, nitrogen regulatory IIA component","0.0160","0.0050","Bordetella bronchiseptica S798"
"bbx","BBS798_4293","K03271","gmhA, lpcA","D-sedoheptulose 7-phosphate isomerase","0.0472","0.0727","Bordetella bronchiseptica S798"
"bbx","BBS798_4296","K02073","metQ","D-methionine transport system substrate-binding protein","0.0000 ","0.0053","Bordetella bronchiseptica S798"
"bbx","BBS798_4297","K00930","argB","acetylglutamate kinase","0.0463","0.0630","Bordetella bronchiseptica S798"
"bbx","BBS798_4301","K00016","LDH, ldh","L-lactate dehydrogenase","0.0031","0.0286","Bordetella bronchiseptica S798"
"bbx","BBS798_4303","K05515","mrdA","penicillin-binding protein 2","0.2106","0.0687","Bordetella bronchiseptica S798"
"bbx","BBS798_4307","K02435","gatC, GATC","aspartyl-tRNA(Asn)/glutamyl-tRNA(Gln) amidotransferase subunit C","0.4842","0.3799","Bordetella bronchiseptica S798"
"bbx","BBS798_4308","K02433","gatA, QRSL1","aspartyl-tRNA(Asn)/glutamyl-tRNA(Gln) amidotransferase subunit A","0.5916","0.2286","Bordetella bronchiseptica S798"
"bbx","BBS798_4309","K02434","gatB, PET112","aspartyl-tRNA(Asn)/glutamyl-tRNA(Gln) amidotransferase subunit B","0.5916","0.4150","Bordetella bronchiseptica S798"
"bbx","BBS798_4310","K00762","pyrE","orotate phosphoribosyltransferase","0.0259","0.1665","Bordetella bronchiseptica S798"
"bbx","BBS798_4311","K01142","E3.1.11.2, xthA","exodeoxyribonuclease III","0.0010","0.0110","Bordetella bronchiseptica S798"
"bbx","BBS798_4312","K00262","E1.4.1.4, gdhA","glutamate dehydrogenase (NADP+)","0.2743","0.2224","Bordetella bronchiseptica S798"
"bbx","BBS798_4316","K07246","ttuC, dmlA","tartrate dehydrogenase/decarboxylase / D-malate dehydrogenase","0.0000 ","0.0301","Bordetella bronchiseptica S798"
"bbx","BBS798_4319","K07665","cusR, copR, silR","two-component system, OmpR family, copper resistance phosphate regulon response regulator CusR","0.0000 ","0.0028","Bordetella bronchiseptica S798"
"bbx","BBS798_4320","K07644","cusS, copS, silS","two-component system, OmpR family, heavy metal sensor histidine kinase CusS","0.0000 ","0.0013","Bordetella bronchiseptica S798"
"bbx","BBS798_4322","K17950","cuyA","L-cysteate sulfo-lyase","0.0000 ","0.0131","Bordetella bronchiseptica S798"
"bbx","BBS798_4323","K10001","gltI, aatJ","glutamate/aspartate transport system substrate-binding protein","0.0000 ","0.0007","Bordetella bronchiseptica S798"
"bbx","BBS798_4324","K10003","gltJ, aatQ","glutamate/aspartate transport system permease protein","0.0000 ","0.0006","Bordetella bronchiseptica S798"
"bbx","BBS798_4325","K10002","gltK, aatM","glutamate/aspartate transport system permease protein","0.0000 ","0.0006","Bordetella bronchiseptica S798"
"bbx","BBS798_4326","K10004","gltL, aatP","glutamate/aspartate transport system ATP-binding protein","0.0000 ","0.0000 ","Bordetella bronchiseptica S798"
"bbx","BBS798_4327","K01779","racD","aspartate racemase","0.0000 ","0.0000 ","Bordetella bronchiseptica S798"
"bbx","BBS798_4329","K08218","ampG","MFS transporter, PAT family, beta-lactamase induction signal transducer AmpG","0.0000 ","0.0004","Bordetella bronchiseptica S798"
"bbx","BBS798_4331","K00641","metX","homoserine O-acetyltransferase","0.0342","0.0381","Bordetella bronchiseptica S798"
"bbx","BBS798_4332","K16844","comC","(2R)-3-sulfolactate dehydrogenase (NADP+)","0.0000 ","0.0134","Bordetella bronchiseptica S798"
"bbx","BBS798_4337","K01919","gshA","glutamate--cysteine ligase","0.0526","0.0617","Bordetella bronchiseptica S798"
"bbx","BBS798_4342","K00606","panB","3-methyl-2-oxobutanoate hydroxymethyltransferase","0.1192","0.2722","Bordetella bronchiseptica S798"
"bbx","BBS798_4345","K01997","livH","branched-chain amino acid transport system permease protein","0.0000 ","0.0000 ","Bordetella bronchiseptica S798"
"bbx","BBS798_4346","K01998","livM","branched-chain amino acid transport system permease protein","0.0000 ","0.0000 ","Bordetella bronchiseptica S798"
"bbx","BBS798_4347","K01995","livG","branched-chain amino acid transport system ATP-binding protein","0.0000 ","0.0002","Bordetella bronchiseptica S798"
"bbx","BBS798_4348","K01996","livF","branched-chain amino acid transport system ATP-binding protein","0.0000 ","0.0002","Bordetella bronchiseptica S798"
"bbx","BBS798_4349","K01999","livK","branched-chain amino acid transport system substrate-binding protein","0.0000 ","0.0005","Bordetella bronchiseptica S798"
"bbx","BBS798_4350","K02433","gatA, QRSL1","aspartyl-tRNA(Asn)/glutamyl-tRNA(Gln) amidotransferase subunit A","0.5916","0.2286","Bordetella bronchiseptica S798"
"bbx","BBS798_4359","K00074","paaH, hbd, fadB, mmgB","3-hydroxybutyryl-CoA dehydrogenase","0.0021","0.0057","Bordetella bronchiseptica S798"
"bbx","BBS798_4361","K06446","DCAA","acyl-CoA dehydrogenase","0.0000 ","0.0023","Bordetella bronchiseptica S798"
"bbx","BBS798_4363","K00459","ncd2, npd","nitronate monooxygenase","0.0017","0.1220","Bordetella bronchiseptica S798"
"bbx","BBS798_4365","K01692","paaF, echA","enoyl-CoA hydratase","0.0091","0.0090","Bordetella bronchiseptica S798"
"bbx","BBS798_4368","K02035","ABC.PE.S","peptide/nickel transport system substrate-binding protein","0.0016","0.0015","Bordetella bronchiseptica S798"
"bbx","BBS798_4370","K02033","ABC.PE.P","peptide/nickel transport system permease protein","0.0016","0.0026","Bordetella bronchiseptica S798"
"bbx","BBS798_4371","K02034","ABC.PE.P1","peptide/nickel transport system permease protein","0.0075","0.0026","Bordetella bronchiseptica S798"
"bbx","BBS798_4372","K02031","ABC.PE.A","peptide/nickel transport system ATP-binding protein","0.0000 ","0.0004","Bordetella bronchiseptica S798"
"bbx","BBS798_4373","K02032","ABC.PE.A1","peptide/nickel transport system ATP-binding protein","0.0000 ","0.0004","Bordetella bronchiseptica S798"
"bbx","BBS798_4377","K04066","priA","primosomal protein N (replication factor Y) (superfamily II helicase)","0.1039","0.1241","Bordetella bronchiseptica S798"
"bbx","BBS798_4378","K01599","hemE, UROD","uroporphyrinogen decarboxylase","0.4306","0.2372","Bordetella bronchiseptica S798"
"bbx","BBS798_4380","K02114","ATPF1E, atpC","F-type H+-transporting ATPase subunit epsilon","0.0665","0.2761","Bordetella bronchiseptica S798"
"bbx","BBS798_4381","K02112","ATPF1B, atpD","F-type H+-transporting ATPase subunit beta","0.4028","0.4508","Bordetella bronchiseptica S798"
"bbx","BBS798_4382","K02115","ATPF1G, atpG","F-type H+-transporting ATPase subunit gamma","0.3262","0.4160","Bordetella bronchiseptica S798"
"bbx","BBS798_4383","K02111","ATPF1A, atpA","F-type H+-transporting ATPase subunit alpha","0.3635","0.4331","Bordetella bronchiseptica S798"
"bbx","BBS798_4384","K02113","ATPF1D, atpH","F-type H+-transporting ATPase subunit delta","0.2338","0.3650","Bordetella bronchiseptica S798"
"bbx","BBS798_4385","K02109","ATPF0B, atpF","F-type H+-transporting ATPase subunit b","0.2660","0.3800","Bordetella bronchiseptica S798"
"bbx","BBS798_4386","K02110","ATPF0C, atpE","F-type H+-transporting ATPase subunit c","0.2416","0.2823","Bordetella bronchiseptica S798"
"bbx","BBS798_4387","K02108","ATPF0A, atpB","F-type H+-transporting ATPase subunit a","0.3003","0.3956","Bordetella bronchiseptica S798"
"bbx","BBS798_4390","K01692","paaF, echA","enoyl-CoA hydratase","0.0091","0.0090","Bordetella bronchiseptica S798"
"bbx","BBS798_4393","K01633","folB","dihydroneopterin aldolase / 7,8-dihydroneopterin epimerase","0.4583","0.2731","Bordetella bronchiseptica S798"
"bbx","BBS798_4400","K01783","rpe, RPE","ribulose-phosphate 3-epimerase","0.3164","0.3150","Bordetella bronchiseptica S798"
"bbx","BBS798_4401","K01091","gph","phosphoglycolate phosphatase","0.0000 ","0.0024","Bordetella bronchiseptica S798"
"bbx","BBS798_4402","K01657","trpE","anthranilate synthase component I","0.0429","0.0698","Bordetella bronchiseptica S798"
"bbx","BBS798_4403","K01658","trpG","anthranilate synthase component II","0.0482","0.0712","Bordetella bronchiseptica S798"
"bbx","BBS798_4404","K00766","trpD","anthranilate phosphoribosyltransferase","0.0503","0.0927","Bordetella bronchiseptica S798"
"bbx","BBS798_4405","K01609","trpC","indole-3-glycerol phosphate synthase","0.0579","0.0881","Bordetella bronchiseptica S798"
"bbx","BBS798_4417","K00523","ascD, ddhD, rfbI","CDP-4-dehydro-6-deoxyglucose reductase, E3","0.0000 ","0.0198","Bordetella bronchiseptica S798"
"bbx","BBS798_4419","K22187","N/A","","N/A","N/A","Bordetella bronchiseptica S798"
"bbx","BBS798_4433","K02016","ABC.FEV.S","iron complex transport system substrate-binding protein","0.0044","0.0127","Bordetella bronchiseptica S798"
"bbx","BBS798_4434","K02015","ABC.FEV.P","iron complex transport system permease protein","0.0184","0.0354","Bordetella bronchiseptica S798"
"bbx","BBS798_4435","K02013","ABC.FEV.A","iron complex transport system ATP-binding protein","0.0399","0.0544","Bordetella bronchiseptica S798"
"bbx","BBS798_4447","K00830","AGXT","alanine-glyoxylate transaminase / serine-glyoxylate transaminase / serine-pyruvate transaminase","0.3934","0.1342","Bordetella bronchiseptica S798"
"bbx","BBS798_4450","K02274","coxA","cytochrome c oxidase subunit I","0.0000 ","0.0160","Bordetella bronchiseptica S798"
"bbx","BBS798_4453","K01560","E3.8.1.2","2-haloacid dehalogenase","0.0000 ","0.0388","Bordetella bronchiseptica S798"
"bbx","BBS798_4462","K00059","fabG","3-oxoacyl-[acyl-carrier protein] reductase","0.7026","0.4376","Bordetella bronchiseptica S798"
"bbx","BBS798_4471","K00382","DLD, lpd, pdhD","dihydrolipoamide dehydrogenase","0.5030","0.4139","Bordetella bronchiseptica S798"
"bbx","BBS798_4472","K01996","livF","branched-chain amino acid transport system ATP-binding protein","0.0000 ","0.0002","Bordetella bronchiseptica S798"
"bbx","BBS798_4473","K01995","livG","branched-chain amino acid transport system ATP-binding protein","0.0000 ","0.0002","Bordetella bronchiseptica S798"
"bbx","BBS798_4474","K01997","livH","branched-chain amino acid transport system permease protein","0.0000 ","0.0000 ","Bordetella bronchiseptica S798"
"bbx","BBS798_4475","K01999","livK","branched-chain amino acid transport system substrate-binding protein","0.0000 ","0.0005","Bordetella bronchiseptica S798"
"bbx","BBS798_4478","K00249","ACADM, acd","acyl-CoA dehydrogenase","0.0080","0.0113","Bordetella bronchiseptica S798"
"bbx","BBS798_4479","K00627","DLAT, aceF, pdhC","pyruvate dehydrogenase E2 component (dihydrolipoamide acetyltransferase)","0.0899","0.1582","Bordetella bronchiseptica S798"
"bbx","BBS798_4480","K01715","crt","enoyl-CoA hydratase","0.0241","0.0208","Bordetella bronchiseptica S798"
"bbx","BBS798_4488","K15866","paaG","2-(1,2-epoxy-1,2-dihydrophenyl)acetyl-CoA isomerase","0.0000 ","0.0013","Bordetella bronchiseptica S798"
"bbx","BBS798_4493","K11731","atuD","citronellyl-CoA dehydrogenase","0.0000 ","0.0024","Bordetella bronchiseptica S798"
"bbx","BBS798_4497","K01714","dapA","4-hydroxy-tetrahydrodipicolinate synthase","0.4899","0.3442","Bordetella bronchiseptica S798"
"bbx","BBS798_4499","K00812","aspB","aspartate aminotransferase","0.2316","0.1300","Bordetella bronchiseptica S798"
"bbx","BBS798_4503","K02035","ABC.PE.S","peptide/nickel transport system substrate-binding protein","0.0016","0.0015","Bordetella bronchiseptica S798"
"bbx","BBS798_4504","K02033","ABC.PE.P","peptide/nickel transport system permease protein","0.0016","0.0026","Bordetella bronchiseptica S798"
"bbx","BBS798_4505","K02034","ABC.PE.P1","peptide/nickel transport system permease protein","0.0075","0.0026","Bordetella bronchiseptica S798"
"bbx","BBS798_4506","K02031","ABC.PE.A","peptide/nickel transport system ATP-binding protein","0.0000 ","0.0004","Bordetella bronchiseptica S798"
"bbx","BBS798_4507","K06016","pydC","beta-ureidopropionase / N-carbamoyl-L-amino-acid hydrolase","0.0044","0.1559","Bordetella bronchiseptica S798"
"bbx","BBS798_4508","K00058","serA, PHGDH","D-3-phosphoglycerate dehydrogenase / 2-oxoglutarate reductase","0.1073","0.1203","Bordetella bronchiseptica S798"
"bbx","BBS798_4510","K02160","accB, bccP","acetyl-CoA carboxylase biotin carboxyl carrier protein","0.6398","0.6233","Bordetella bronchiseptica S798"
"bbx","BBS798_4511","K02160","accB, bccP","acetyl-CoA carboxylase biotin carboxyl carrier protein","0.6398","0.6233","Bordetella bronchiseptica S798"
"bbx","BBS798_4512","K01961","accC","acetyl-CoA carboxylase, biotin carboxylase subunit","0.6943","0.5149","Bordetella bronchiseptica S798"
"bbx","BBS798_4515","K01008","selD, SEPHS","selenide, water dikinase","0.0026","0.0331","Bordetella bronchiseptica S798"
"bbx","BBS798_4527","K07535","badH","2-hydroxycyclohexanecarboxyl-CoA dehydrogenase","0.0000 ","0.0203","Bordetella bronchiseptica S798"
"bbx","BBS798_4532","K01715","crt","enoyl-CoA hydratase","0.0241","0.0208","Bordetella bronchiseptica S798"
"bbx","BBS798_4534","K01692","paaF, echA","enoyl-CoA hydratase","0.0091","0.0090","Bordetella bronchiseptica S798"
"bbx","BBS798_4541","K00059","fabG","3-oxoacyl-[acyl-carrier protein] reductase","0.7026","0.4376","Bordetella bronchiseptica S798"
"bbx","BBS798_4547","K07104","catE","catechol 2,3-dioxygenase","0.0000 ","0.0000 ","Bordetella bronchiseptica S798"
"bbx","BBS798_4549","K03863","vanB","vanillate monooxygenase ferredoxin subunit","0.0000 ","0.0253","Bordetella bronchiseptica S798"
"bbx","BBS798_4551","K02012","afuA, fbpA","iron(III) transport system substrate-binding protein","0.0080","0.0073","Bordetella bronchiseptica S798"
"bbx","BBS798_4552","K02011","afuB, fbpB","iron(III) transport system permease protein","0.0098","0.0095","Bordetella bronchiseptica S798"
"bbx","BBS798_4553","K02010","afuC, fbpC","iron(III) transport system ATP-binding protein","0.0026","0.0068","Bordetella bronchiseptica S798"
"bbx","BBS798_4556","K00059","fabG","3-oxoacyl-[acyl-carrier protein] reductase","0.7026","0.4376","Bordetella bronchiseptica S798"
"bbx","BBS798_4557","K06989","nadX","aspartate dehydrogenase","0.0882","0.1674","Bordetella bronchiseptica S798"
"bbx","BBS798_4563","K03777","dld","D-lactate dehydrogenase (quinone)","0.0000 ","0.0133","Bordetella bronchiseptica S798"
"bbx","BBS798_4567","K01438","argE","acetylornithine deacetylase","0.0579","0.0640","Bordetella bronchiseptica S798"
"bbx","BBS798_4571","K19745","acuI","acrylyl-CoA reductase (NADPH)","0.0141","0.0041","Bordetella bronchiseptica S798"
"bbx","BBS798_4578","K00820","glmS, GFPT","glucosamine--fructose-6-phosphate aminotransferase (isomerizing)","0.6712","0.7161","Bordetella bronchiseptica S798"
"bbx","BBS798_4580","K00626","E2.3.1.9, atoB","acetyl-CoA C-acetyltransferase","0.0206","0.0393","Bordetella bronchiseptica S798"
"bbx","BBS798_4581","K07516","fadN","3-hydroxyacyl-CoA dehydrogenase","0.0029","0.0088","Bordetella bronchiseptica S798"
"bbx","BBS798_4585","K01647","CS, gltA","citrate synthase","0.2338","0.2171","Bordetella bronchiseptica S798"
"bbx","BBS798_4587","K08351","bisC","biotin/methionine sulfoxide reductase","0.0000 ","0.0667","Bordetella bronchiseptica S798"
"bbx","BBS798_4591","K00012","UGDH, ugd","UDPglucose 6-dehydrogenase","0.0463","0.0911","Bordetella bronchiseptica S798"
"bbx","BBS798_4593","K04042","glmU","bifunctional UDP-N-acetylglucosamine pyrophosphorylase / Glucosamine-1-phosphate N-acetyltransferase","0.5073","0.2081","Bordetella bronchiseptica S798"
"bbx","BBS798_4598","K02257","COX10","protoheme IX farnesyltransferase","0.0286","0.0140","Bordetella bronchiseptica S798"
"bbx","BBS798_4599","K02259","COX15","cytochrome c oxidase assembly protein subunit 15","0.0192","0.0252","Bordetella bronchiseptica S798"
"bbx","BBS798_4603","K02276","coxC","cytochrome c oxidase subunit III","0.0000 ","0.0169","Bordetella bronchiseptica S798"
"bbx","BBS798_4606","K02274","coxA","cytochrome c oxidase subunit I","0.0000 ","0.0160","Bordetella bronchiseptica S798"
"bbx","BBS798_4607","K02275","coxB","cytochrome c oxidase subunit II","0.0000 ","0.0171","Bordetella bronchiseptica S798"
"bbx","BBS798_4610","K03651","cpdA","3,5-cyclic-AMP phosphodiesterase","0.0067","0.0203","Bordetella bronchiseptica S798"
"bbx","BBS798_4613","K01070","frmB, ESD, fghA","S-formylglutathione hydrolase","0.0000 ","0.0002","Bordetella bronchiseptica S798"
"bbx","BBS798_4614","K00121","frmA, ADH5, adhC","S-(hydroxymethyl)glutathione dehydrogenase / alcohol dehydrogenase","0.0144","0.0255","Bordetella bronchiseptica S798"
"bbx","BBS798_4616","K00265","gltB","glutamate synthase (NADPH/NADH) large chain","0.2338","0.2722","Bordetella bronchiseptica S798"
"bbx","BBS798_4617","K00266","gltD","glutamate synthase (NADPH/NADH) small chain","0.2338","0.2051","Bordetella bronchiseptica S798"
"bbx","BBS798_4620","K02065","mlaF, linL, mkl","phospholipid/cholesterol/gamma-HCH transport system ATP-binding protein","0.0012","0.0117","Bordetella bronchiseptica S798"
"bbx","BBS798_4621","K02066","mlaE, linK","phospholipid/cholesterol/gamma-HCH transport system permease protein","0.0012","0.0117","Bordetella bronchiseptica S798"
"bbx","BBS798_4622","K02067","mlaD, linM","phospholipid/cholesterol/gamma-HCH transport system substrate-binding protein","0.0000 ","0.0053","Bordetella bronchiseptica S798"
"bbx","BBS798_4624","K07323","mlaC","phospholipid transport system substrate-binding protein","0.0000 ","0.0053","Bordetella bronchiseptica S798"
"bbx","BBS798_4628","K00790","murA","UDP-N-acetylglucosamine 1-carboxyvinyltransferase","0.6496","0.7385","Bordetella bronchiseptica S798"
"bbx","BBS798_4629","K00765","hisG","ATP phosphoribosyltransferase","0.0606","0.0888","Bordetella bronchiseptica S798"
"bbx","BBS798_4630","K00013","hisD","histidinol dehydrogenase","0.0309","0.0714","Bordetella bronchiseptica S798"
"bbx","BBS798_4631","K00817","hisC","histidinol-phosphate aminotransferase","0.1003","0.1197","Bordetella bronchiseptica S798"
"bbx","BBS798_4632","K01693","hisB","imidazoleglycerol-phosphate dehydratase","0.0680","0.0662","Bordetella bronchiseptica S798"
"bbx","BBS798_4633","K02501","hisH","glutamine amidotransferase","0.0606","0.0888","Bordetella bronchiseptica S798"
"bbx","BBS798_4634","K01814","hisA","phosphoribosylformimino-5-aminoimidazole carboxamide ribotide isomerase","0.0445","0.0799","Bordetella bronchiseptica S798"
"bbx","BBS798_4635","K02500","hisF","cyclase","0.0606","0.0888","Bordetella bronchiseptica S798"
"bbx","BBS798_4636","K01496","hisI","phosphoribosyl-AMP cyclohydrolase","0.0824","0.0618","Bordetella bronchiseptica S798"
"bbx","BBS798_4637","K01523","hisE","phosphoribosyl-ATP pyrophosphohydrolase","0.0887","0.0604","Bordetella bronchiseptica S798"
"bbx","BBS798_4639","K03116","tatA","sec-independent protein translocase protein TatA","0.0206","0.0739","Bordetella bronchiseptica S798"
"bbx","BBS798_4640","K03117","tatB","sec-independent protein translocase protein TatB","0.0131","0.0739","Bordetella bronchiseptica S798"
"bbx","BBS798_4641","K03118","tatC","sec-independent protein translocase protein TatC","0.0584","0.1144","Bordetella bronchiseptica S798"
"bbx","BBS798_4646","K00411","UQCRFS1, RIP1, petA","ubiquinol-cytochrome c reductase iron-sulfur subunit","0.0000 ","0.0025","Bordetella bronchiseptica S798"
"bbx","BBS798_4647","K00412","CYTB, petB","ubiquinol-cytochrome c reductase cytochrome b subunit","0.0000 ","0.0026","Bordetella bronchiseptica S798"
"bbx","BBS798_4648","K00413","CYC1, CYT1, petC","ubiquinol-cytochrome c reductase cytochrome c1 subunit","0.0098","0.0089","Bordetella bronchiseptica S798"
"bbx","BBS798_4656","K00384","trxB","thioredoxin reductase (NADPH)","0.1650","0.2275","Bordetella bronchiseptica S798"
"bbx","BBS798_4666","K11023","ptxA, artA","pertussis toxin subunit 1","0.0000 ","0.0218","Bordetella bronchiseptica S798"
"bbx","BBS798_4667","K11024","ptxB","pertussis toxin subunit 2","0.0000 ","0.0218","Bordetella bronchiseptica S798"
"bbx","BBS798_4668","K11026","ptxD","pertussis toxin subunit 4","0.0000 ","0.0218","Bordetella bronchiseptica S798"
"bbx","BBS798_4669","K11027","ptxE","pertussis toxin subunit 5","0.0000 ","0.0218","Bordetella bronchiseptica S798"
"bbx","BBS798_4670","K11025","ptxC","pertussis toxin subunit 3","0.0000 ","0.0218","Bordetella bronchiseptica S798"
"bbx","BBS798_4675","K03202","virB7, lvhB7","type IV secretion system protein VirB7","0.0000 ","0.0204","Bordetella bronchiseptica S798"
"bbx","BBS798_4685","K02035","ABC.PE.S","peptide/nickel transport system substrate-binding protein","0.0016","0.0015","Bordetella bronchiseptica S798"
"bbx","BBS798_4686","K02033","ABC.PE.P","peptide/nickel transport system permease protein","0.0016","0.0026","Bordetella bronchiseptica S798"
"bbx","BBS798_4687","K02034","ABC.PE.P1","peptide/nickel transport system permease protein","0.0075","0.0026","Bordetella bronchiseptica S798"
"bbx","BBS798_4688","K02031","ABC.PE.A","peptide/nickel transport system ATP-binding protein","0.0000 ","0.0004","Bordetella bronchiseptica S798"
"bbx","BBS798_4689","K02031","ABC.PE.A","peptide/nickel transport system ATP-binding protein","0.0000 ","0.0004","Bordetella bronchiseptica S798"
"bbx","BBS798_4692","K11927","rhlE","ATP-dependent RNA helicase RhlE","0.0000 ","0.0313","Bordetella bronchiseptica S798"
"bbx","BBS798_4696","K03594","bfr","bacterioferritin","0.0000 ","0.0280","Bordetella bronchiseptica S798"
"bbx","BBS798_4700","K03092","SIG54, rpoN","RNA polymerase sigma-54 factor","0.0055","0.0160","Bordetella bronchiseptica S798"
"bbx","BBS798_4702","K01649","leuA, IMS","2-isopropylmalate synthase","0.0107","0.0293","Bordetella bronchiseptica S798"
"bbx","BBS798_4705","K02055","ABC.SP.S","putative spermidine/putrescine transport system substrate-binding protein","0.0116","0.0040","Bordetella bronchiseptica S798"
"bbx","BBS798_4706","K02053","ABC.SP.P","putative spermidine/putrescine transport system permease protein","0.0000 ","0.0022","Bordetella bronchiseptica S798"
"bbx","BBS798_4707","K02053","ABC.SP.P","putative spermidine/putrescine transport system permease protein","0.0000 ","0.0022","Bordetella bronchiseptica S798"
"bbx","BBS798_4708","K02052","ABC.SP.A","putative spermidine/putrescine transport system ATP-binding protein","0.0031","0.0016","Bordetella bronchiseptica S798"
"bbx","BBS798_4709","K03651","cpdA","3,5-cyclic-AMP phosphodiesterase","0.0067","0.0203","Bordetella bronchiseptica S798"
"bbx","BBS798_4710","K05816","ugpC","sn-glycerol 3-phosphate transport system ATP-binding protein","0.0000 ","0.0057","Bordetella bronchiseptica S798"
"bbx","BBS798_4711","K05813","ugpB","sn-glycerol 3-phosphate transport system substrate-binding protein","0.0000 ","0.0053","Bordetella bronchiseptica S798"
"bbx","BBS798_4712","K05814","ugpA","sn-glycerol 3-phosphate transport system permease protein","0.0000 ","0.0056","Bordetella bronchiseptica S798"
"bbx","BBS798_4713","K05815","ugpE","sn-glycerol 3-phosphate transport system permease protein","0.0000 ","0.0053","Bordetella bronchiseptica S798"
"bbx","BBS798_4716","K01887","RARS, argS","arginyl-tRNA synthetase","0.5800","0.5082","Bordetella bronchiseptica S798"
"bbx","BBS798_4718","K03673","dsbA","thiol:disulfide interchange protein DsbA","0.0000 ","0.0184","Bordetella bronchiseptica S798"
"bbx","BBS798_4719","K01760","metC","cystathionine beta-lyase","0.3447","0.2232","Bordetella bronchiseptica S798"
"bbx","BBS798_4723","K00253","IVD, ivd","isovaleryl-CoA dehydrogenase","0.0106","0.0046","Bordetella bronchiseptica S798"
"bbx","BBS798_4725","K00626","E2.3.1.9, atoB","acetyl-CoA C-acetyltransferase","0.0206","0.0393","Bordetella bronchiseptica S798"
"bbx","BBS798_4726","K01969","E6.4.1.4B","3-methylcrotonyl-CoA carboxylase beta subunit","0.0000 ","0.0887","Bordetella bronchiseptica S798"
"bbx","BBS798_4727","K01968","E6.4.1.4A","3-methylcrotonyl-CoA carboxylase alpha subunit","0.0000 ","0.0950","Bordetella bronchiseptica S798"
"bbx","BBS798_4729","K00821","argD","acetylornithine/N-succinyldiaminopimelate aminotransferase","0.2629","0.0658","Bordetella bronchiseptica S798"
"bbx","BBS798_4743","K00128","ALDH","aldehyde dehydrogenase (NAD+)","0.0018","0.0086","Bordetella bronchiseptica S798"
"bbx","BBS798_4744","K00059","fabG","3-oxoacyl-[acyl-carrier protein] reductase","0.7026","0.4376","Bordetella bronchiseptica S798"
"bbx","BBS798_4745","K01652","E2.2.1.6L, ilvB, ilvG, ilvI","acetolactate synthase I/II/III large subunit","0.0184","0.0311","Bordetella bronchiseptica S798"
"bbx","BBS798_4749","K02858","ribB, RIB3","3,4-dihydroxy 2-butanone 4-phosphate synthase","0.2472","0.2616","Bordetella bronchiseptica S798"
"bbx","BBS798_4753","K00077","panE, apbA","2-dehydropantoate 2-reductase","0.0526","0.2248","Bordetella bronchiseptica S798"
"bbx","BBS798_4758","K00101","lldD","L-lactate dehydrogenase (cytochrome)","0.0017","0.0122","Bordetella bronchiseptica S798"
"bbx","BBS798_4759","K01512","acyP","acylphosphatase","0.0000 ","0.0000 ","Bordetella bronchiseptica S798"
"bbx","BBS798_4762","K01426","E3.5.1.4, amiE","amidase","0.0000 ","0.0465","Bordetella bronchiseptica S798"
"bbx","BBS798_4767","K02338","DPO3B, dnaN","DNA polymerase III subunit beta","0.8789","0.9703","Bordetella bronchiseptica S798"
"bbx","BBS798_4768","K02313","dnaA","chromosomal replication initiator protein","0.5800","0.2130","Bordetella bronchiseptica S798"
"bbx","BBS798_4769","K02914","RP-L34, MRPL34, rpmH","large subunit ribosomal protein L34","0.3752","0.5158","Bordetella bronchiseptica S798"
"bbx","BBS798_4772","K03217","yidC, spoIIIJ, OXA1, ccfA","YidC/Oxa1 family membrane protein insertase","0.5327","0.5418","Bordetella bronchiseptica S798"
"bbx","BBS798_4773","K03781","katE, CAT, catB, srpA","catalase","0.0000 ","0.0000 ","Bordetella bronchiseptica S798"
"bbx","BBS798_4777","K03119","tauD","taurine dioxygenase","0.0000 ","0.0000 ","Bordetella bronchiseptica S798"
"bbx","BBS798_4779","K02032","ABC.PE.A1","peptide/nickel transport system ATP-binding protein","0.0000 ","0.0004","Bordetella bronchiseptica S798"
"bbx","BBS798_4780","K02031","ABC.PE.A","peptide/nickel transport system ATP-binding protein","0.0000 ","0.0004","Bordetella bronchiseptica S798"
"bbx","BBS798_4781","K02034","ABC.PE.P1","peptide/nickel transport system permease protein","0.0075","0.0026","Bordetella bronchiseptica S798"
"bbx","BBS798_4782","K02033","ABC.PE.P","peptide/nickel transport system permease protein","0.0016","0.0026","Bordetella bronchiseptica S798"
"bbx","BBS798_4783","K02035","ABC.PE.S","peptide/nickel transport system substrate-binding protein","0.0016","0.0015","Bordetella bronchiseptica S798"
"bbx","BBS798_4786","K07774","tctD","two-component system, OmpR family, response regulator TctD","0.0000 ","0.0028","Bordetella bronchiseptica S798"
"bbx","BBS798_4787","K07649","tctE","two-component system, OmpR family, sensor histidine kinase TctE","0.0000 ","0.0013","Bordetella bronchiseptica S798"
"bbx","BBS798_4788","K07795","tctC","putative tricarboxylic transport membrane protein","0.0000 ","0.0007","Bordetella bronchiseptica S798"
"bbx","BBS798_4789","K07794","tctB","putative tricarboxylic transport membrane protein","0.0000 ","0.0210","Bordetella bronchiseptica S798"
"bbx","BBS798_4790","K07793","tctA","putative tricarboxylic transport membrane protein","0.0000 ","0.0007","Bordetella bronchiseptica S798"
"bbx","BBS798_r001","K01977","16SrRNA, rrs","16S ribosomal RNA","0.0000 ","0.3104","Bordetella bronchiseptica S798"
"bbx","BBS798_r002","K01980","23SrRNA, rrl","23S ribosomal RNA","0.0000 ","0.3104","Bordetella bronchiseptica S798"
"bbx","BBS798_r003","K01985","5SrRNA, rrf","5S ribosomal RNA","0.0060","0.3104","Bordetella bronchiseptica S798"
"bbx","BBS798_r004","K01985","5SrRNA, rrf","5S ribosomal RNA","0.0060","0.3104","Bordetella bronchiseptica S798"
"bbx","BBS798_r005","K01980","23SrRNA, rrl","23S ribosomal RNA","0.0000 ","0.3104","Bordetella bronchiseptica S798"
"bbx","BBS798_r006","K01977","16SrRNA, rrs","16S ribosomal RNA","0.0000 ","0.3104","Bordetella bronchiseptica S798"
"bbx","BBS798_r007","K01985","5SrRNA, rrf","5S ribosomal RNA","0.0060","0.3104","Bordetella bronchiseptica S798"
"bbx","BBS798_r008","K01980","23SrRNA, rrl","23S ribosomal RNA","0.0000 ","0.3104","Bordetella bronchiseptica S798"
"bbx","BBS798_r009","K01977","16SrRNA, rrs","16S ribosomal RNA","0.0000 ","0.3104","Bordetella bronchiseptica S798"
"bbx","BBS798_t001","K14236","tRNA-Tyr","tRNA Tyr","0.0000 ","0.2024","Bordetella bronchiseptica S798"
"bbx","BBS798_t002","K14225","tRNA-Gly","tRNA Gly","0.0000 ","0.2024","Bordetella bronchiseptica S798"
"bbx","BBS798_t003","K14234","tRNA-Thr","tRNA Thr","0.0060","0.2024","Bordetella bronchiseptica S798"
"bbx","BBS798_t004","K14235","tRNA-Trp","tRNA Trp","0.0060","0.2024","Bordetella bronchiseptica S798"
"bbx","BBS798_t005","K14232","tRNA-Pro","tRNA Pro","0.0000 ","0.2024","Bordetella bronchiseptica S798"
"bbx","BBS798_t006","K14231","tRNA-Phe","tRNA Phe","0.0000 ","0.2024","Bordetella bronchiseptica S798"
"bbx","BBS798_t007","K14228","tRNA-Leu","tRNA Leu","0.0060","0.2024","Bordetella bronchiseptica S798"
"bbx","BBS798_t008","K14225","tRNA-Gly","tRNA Gly","0.0000 ","0.2024","Bordetella bronchiseptica S798"
"bbx","BBS798_t009","K14223","tRNA-Gln","tRNA Gln","0.0000 ","0.2024","Bordetella bronchiseptica S798"
"bbx","BBS798_t010","K14221","tRNA-Asp","tRNA Asp","0.0000 ","0.2024","Bordetella bronchiseptica S798"
"bbx","BBS798_t011","K14224","tRNA-Glu","tRNA Glu","0.0000 ","0.2024","Bordetella bronchiseptica S798"
"bbx","BBS798_t012","K14218","tRNA-Ala","tRNA Ala","0.0060","0.2024","Bordetella bronchiseptica S798"
"bbx","BBS798_t013","K14221","tRNA-Asp","tRNA Asp","0.0000 ","0.2024","Bordetella bronchiseptica S798"
"bbx","BBS798_t014","K14224","tRNA-Glu","tRNA Glu","0.0000 ","0.2024","Bordetella bronchiseptica S798"
"bbx","BBS798_t015","K14218","tRNA-Ala","tRNA Ala","0.0060","0.2024","Bordetella bronchiseptica S798"
"bbx","BBS798_t016","K14219","tRNA-Arg","tRNA Arg","0.0000 ","0.2024","Bordetella bronchiseptica S798"
"bbx","BBS798_t017","K14232","tRNA-Pro","tRNA Pro","0.0000 ","0.2024","Bordetella bronchiseptica S798"
"bbx","BBS798_t018","K14219","tRNA-Arg","tRNA Arg","0.0000 ","0.2024","Bordetella bronchiseptica S798"
"bbx","BBS798_t019","K14226","tRNA-His","tRNA His","0.0000 ","0.2024","Bordetella bronchiseptica S798"
"bbx","BBS798_t020","K14233","tRNA-Ser","tRNA Ser","0.0000 ","0.2024","Bordetella bronchiseptica S798"
"bbx","BBS798_t021","K14219","tRNA-Arg","tRNA Arg","0.0000 ","0.2024","Bordetella bronchiseptica S798"
"bbx","BBS798_t022","K14219","tRNA-Arg","tRNA Arg","0.0000 ","0.2024","Bordetella bronchiseptica S798"
"bbx","BBS798_t023","K14227","tRNA-Ile","tRNA Ile","0.0000 ","0.2024","Bordetella bronchiseptica S798"
"bbx","BBS798_t024","K14218","tRNA-Ala","tRNA Ala","0.0060","0.2024","Bordetella bronchiseptica S798"
"bbx","BBS798_t025","K14230","tRNA-Met","tRNA Met","0.0000 ","0.2024","Bordetella bronchiseptica S798"
"bbx","BBS798_t026","K14228","tRNA-Leu","tRNA Leu","0.0060","0.2024","Bordetella bronchiseptica S798"
"bbx","BBS798_t027","K14228","tRNA-Leu","tRNA Leu","0.0060","0.2024","Bordetella bronchiseptica S798"
"bbx","BBS798_t028","K14237","tRNA-Val","tRNA Val","0.0060","0.2024","Bordetella bronchiseptica S798"
"bbx","BBS798_t029","K14232","tRNA-Pro","tRNA Pro","0.0000 ","0.2024","Bordetella bronchiseptica S798"
"bbx","BBS798_t030","K14230","tRNA-Met","tRNA Met","0.0000 ","0.2024","Bordetella bronchiseptica S798"
"bbx","BBS798_t031","K14237","tRNA-Val","tRNA Val","0.0060","0.2024","Bordetella bronchiseptica S798"
"bbx","BBS798_t032","K14228","tRNA-Leu","tRNA Leu","0.0060","0.2024","Bordetella bronchiseptica S798"
"bbx","BBS798_t033","K14218","tRNA-Ala","tRNA Ala","0.0060","0.2024","Bordetella bronchiseptica S798"
"bbx","BBS798_t035","K14230","tRNA-Met","tRNA Met","0.0000 ","0.2024","Bordetella bronchiseptica S798"
"bbx","BBS798_t036","K14220","tRNA-Asn","tRNA Asn","0.0000 ","0.2024","Bordetella bronchiseptica S798"
"bbx","BBS798_t037","K14234","tRNA-Thr","tRNA Thr","0.0060","0.2024","Bordetella bronchiseptica S798"
"bbx","BBS798_t038","K14218","tRNA-Ala","tRNA Ala","0.0060","0.2024","Bordetella bronchiseptica S798"
"bbx","BBS798_t039","K14227","tRNA-Ile","tRNA Ile","0.0000 ","0.2024","Bordetella bronchiseptica S798"
"bbx","BBS798_t040","K14228","tRNA-Leu","tRNA Leu","0.0060","0.2024","Bordetella bronchiseptica S798"
"bbx","BBS798_t041","K14228","tRNA-Leu","tRNA Leu","0.0060","0.2024","Bordetella bronchiseptica S798"
"bbx","BBS798_t042","K14233","tRNA-Ser","tRNA Ser","0.0000 ","0.2024","Bordetella bronchiseptica S798"
"bbx","BBS798_t043","K14225","tRNA-Gly","tRNA Gly","0.0000 ","0.2024","Bordetella bronchiseptica S798"
"bbx","BBS798_t044","K14225","tRNA-Gly","tRNA Gly","0.0000 ","0.2024","Bordetella bronchiseptica S798"
"bbx","BBS798_t045","K14222","tRNA-Cys","tRNA Cys","0.0000 ","0.2024","Bordetella bronchiseptica S798"
"bbx","BBS798_t046","K14229","tRNA-Lys","tRNA Lys","0.0060","0.2024","Bordetella bronchiseptica S798"
"bbx","BBS798_t047","K14229","tRNA-Lys","tRNA Lys","0.0060","0.2024","Bordetella bronchiseptica S798"
"bbx","BBS798_t048","K14218","tRNA-Ala","tRNA Ala","0.0060","0.2024","Bordetella bronchiseptica S798"
"bbx","BBS798_t049","K14227","tRNA-Ile","tRNA Ile","0.0000 ","0.2024","Bordetella bronchiseptica S798"
"bbx","BBS798_t050","K14237","tRNA-Val","tRNA Val","0.0060","0.2024","Bordetella bronchiseptica S798"
"bbx","BBS798_t051","K14233","tRNA-Ser","tRNA Ser","0.0000 ","0.2024","Bordetella bronchiseptica S798"
"bbx","BBS798_t052","K14219","tRNA-Arg","tRNA Arg","0.0000 ","0.2024","Bordetella bronchiseptica S798"
"bbx","BBS798_t053","K14234","tRNA-Thr","tRNA Thr","0.0060","0.2024","Bordetella bronchiseptica S798"
"bbx","BBS798_t054","K14220","tRNA-Asn","tRNA Asn","0.0000 ","0.2024","Bordetella bronchiseptica S798"
